22.48433 113.910578	1	0.3622
22.494063 113.939516	1	1.9923
22.494423 113.940057	1	0.3707
22.498771 113.895248	5	19.9231
22.501452 113.938755	5	19.9231
22.506225 113.945301	1	151.7244
22.509002 114.057133	1	0.3622
22.512119 113.937591	5	19.9231
22.512380 113.931471	1	0.3398
22.513896 113.934727	5	19.9231
22.516122 114.050897	1	0.3721
22.516794 113.928555	5	19.9231
22.519363 113.920024	4	18.261
22.520271 113.919056	5	19.9231
22.520804 113.942816	12	126.9857
22.521439 113.930063	1	39.8463
22.521505 113.932276	6	39.8463
22.523183 114.059483	4	31.5716
22.523461 114.047879	5	59.7694
22.524293 113.949363	4	19.9231
22.524376 113.949325	4	19.9231
22.524485 113.949348	7	41.8386
22.524853 113.932363	1	0.3779
22.525774 114.055684	3	19.9231
22.526055 113.932399	18	308.3529
22.527525 113.933356	1	1.9923
22.528087 114.053445	12	385.9114
22.528654 114.053635	1	0.2264
22.52894 114.07265	5	49.6626
22.531045 113.925047	1	0.041
22.531248 114.074777	5	39.8463
22.532385 114.037147	2	19.9231
22.53251 114.070865	3	19.9231
22.534015 114.067836	3	19.9231
22.534348 114.075145	1	0.3622
22.535841 113.92102	1	0.3636
22.536229 114.027799	3	19.9231
22.536425 113.948822	9	79.6925
22.537286 114.075432	1	39.8463
22.537432 113.926899	1	1.9923
22.537562 113.937039	7	39.8463
22.537617 114.120387	7	92.144
22.537631 113.921206	28	716.1536
22.537866 114.026688	3	19.9231
22.537965 114.083933	1	0.3736
22.538329 113.924539	5	19.9231
22.538354 113.977801	6	39.8463
22.538407 113.924318	5	19.9231
22.538541 114.017808	1	3.9846
22.538913 114.065357	1	1.4194
22.539697 113.911861	7	39.8463
22.540448 114.066268	1	59.7694
22.540552 114.074406	3	19.9231
22.540824 113.922639	1	1.9923
22.540878 114.085845	5	39.8463
22.540942 114.073682	7	83.6772
22.54097 114.08679	3	19.9231
22.541287 113.974886	1	0.3678
22.541419 114.109829	4	39.8463
22.541455 114.091181	1	1.9923
22.541893 114.104769	2	5.6198
22.542164 114.085394	1	0.3693
22.543198 114.087865	3	19.9231
22.543915 114.058444	5	59.7694
22.544267 114.109690	1	0.3794
22.545463 113.926390	1	39.8463
22.545679 114.133723	1	1.9923
22.545845 114.107986	1	0.093
22.546174 113.976207	1	1.9923
22.546207 113.923499	5	19.9231
22.546424 114.091551	20	819.5817
22.546566 113.919158	1	2
22.547083 113.963737	4	18.5175
22.547093 113.978106	1	39.8463
22.54748 113.974087	4	19.9231
22.547653 113.977755	4	19.9231
22.54842 114.089112	4	39.8463
22.548557 113.940969	5	19.9231
22.548889 113.955368	102	10957.5811
22.549107 114.128361	5	59.7694
22.549686 114.096624	3	19.9231
22.549708 114.126191	1	0.3622
22.549971 114.131318	1	1.9923
22.550191 114.045756	1	1.9923
22.550214 114.092453	6	79.6925
22.550248 114.092534	4	39.8463
22.550907 114.133295	1	39.8463
22.551065 113.906415	33	1078.8887
22.551115 114.019498	3	19.9231
22.55123 114.093465	8	152.1497
22.551636 114.125041	1	19.9231
22.551842 114.131407	7	119.5388
22.552028 114.134689	3	19.9231
22.55234 114.004208	20	956.449
22.55258 114.131064	22	1125.7637
22.553168 114.087320	1	0.3693
22.553436 114.005421	1	19.9231
22.553907 113.974574	6	39.8463
22.55392 114.096056	1	2
22.554156 114.08928	1	0.081
22.554932 113.947665	1	0.3779
22.555127 113.908594	4	19.9231
22.555394 114.118897	5	50.3799
22.555692 114.146998	1	19.9231
22.555842 114.131389	1	1.9923
22.556930 114.135610	1	19.9231
22.557073 114.093619	1	371.5909
22.557264 114.054618	4	39.8463
22.557314 114.237851	1	0.3636
22.557327 114.136246	3	19.9231
22.557764 114.053106	1	2
22.558162 113.953527	4	19.9231
22.558309 114.161286	1	0.3252
22.559031 114.133815	15	512.8802
22.559059 114.158556	1	39.8463
22.55917 113.964202	16	317.3112
22.559631 114.133602	1	0.7329
22.559829 114.142063	1	0.365
22.559842 114.118199	4	39.8463
22.5606 113.914169	17	286.1964
22.561428 113.915091	4	19.9231
22.562082 113.962821	1	0.3808
22.562530 114.094441	1	39.8463
22.562913 114.105983	1	1.9923
22.563444 114.127943	6	82.3088
22.563546 114.138399	9	197.6011
22.563803 114.040747	6	112.9106
22.564083 113.899875	1	0.0913
22.565797 114.123028	4	39.8463
22.566204 114.178992	3	19.9231
22.566256 113.912736	4	19.9231
22.566277 114.057247	1	39.8463
22.56647 114.110719	3	19.9231
22.566656 114.048785	11	389.3617
22.566717 113.926536	5	19.9231
22.566805 113.926733	6	39.8463
22.567335 114.049928	1	2
22.567391 114.181531	1	0.3823
22.567565 114.134081	3	19.9231
22.567707 114.119228	1	3.1214
22.567904 114.179201	3	19.9231
22.568124 114.045091	2	19.9231
22.568192 113.904839	4	19.9231
22.568373 114.102633	1	1.9923
22.568389 113.90155	8	64.292
22.569903 114.144945	3	19.9231
22.57019 114.503161	1	19.9231
22.571019 114.063028	10	316.9499
22.57103 114.063042	3	19.9231
22.571079 114.06153	3	24.6983
22.571144 113.913206	4	19.9231
22.571192 114.040503	3	39.8463
22.571383 113.869454	1	0.3636
22.571959 114.061668	1	2
22.572146 113.904177	9	79.6925
22.572337 114.121094	1	79.6925
22.572454 113.900611	27	680.1682
22.573093 113.960327	6	53.1584
22.573458 114.118823	4	39.8463
22.5738 113.9662	6	52.5572
22.573973 114.118394	14	443.4528
22.574637 113.894997	1	0.0916
22.574853 114.104720	1	19.9231
22.574867 113.920188	77	6510.0602
22.576181 114.113145	7	103.6003
22.577792 113.966524	163	37926.5416
22.578875 113.865793	6	21.6439
22.579349 113.930947	4	19.9231
22.580536 113.927531	4	19.9231
22.580654 113.920649	4	19.9231
22.580875 113.907313	4	19.9231
22.581488 113.877354	6	39.8463
22.58193 113.958801	4	19.9231
22.582286 113.889842	1	1.9923
22.582619 113.879685	1	0.3721
22.583380 114.132395	1	243.7428
22.584579 114.145883	3	19.9231
22.585088 114.125167	3	19.9231
22.585884 113.86968	4	19.9231
22.586047 114.118147	3	19.9231
22.586445 113.960953	4	19.9231
22.586528 113.948302	4	19.9231
22.586891 113.869516	6	39.8463
22.588207 113.906852	8	59.7694
22.588494 113.949223	9	99.6157
22.588816 113.971681	1	0.375
22.589193 113.973194	9	110.69
22.590912 113.938085	4	23.9078
22.590931 113.872062	1	2
22.590953 113.957013	4	19.9231
22.591387 114.124439	1	79.6925
22.591455 113.85078	2	2
22.592527 113.846444	13	61.7617
22.59321 113.997232	17	758.6399
22.593345 113.990382	1	1.9923
22.594962 114.131239	1	3.7533
22.595645 113.867961	1	1.9923
22.59598 114.122261	1	2
22.597055 114.268835	1	0.3678
22.597208 114.138971	3	19.9231
22.597324 113.995329	3	19.9231
22.600908 114.124103	13	355.7476
22.601552 114.136552	1	0.3419
22.602344 114.059629	4	37.8577
22.602495 114.120857	12	310.1361
22.60285 114.118211	1	0.3622
22.603963 113.848492	5	19.9231
22.604214 114.136224	3	19.9231
22.604255 113.889285	4	19.9231
22.604491 113.884646	1	2
22.605016 114.134612	24	1179.1445
22.605395 114.127734	5	51.807
22.605696 114.052535	11	388.9843
22.606031 114.126707	4	39.8463
22.607224 114.135821	1	0.3636
22.607315 114.111315	4	39.8463
22.60748 113.857353	5	19.9231
22.607519 114.064577	3	19.9231
22.607632 113.943851	4	19.9231
22.607706 114.042056	2	19.9231
22.607974 113.869058	1	0.3636
22.608405 114.131808	3	19.9231
22.608568 113.853501	1	39.8463
22.609184 114.036224	1	255.3604
22.609277 114.072487	3	19.9231
22.609328 114.045171	2	19.9231
22.609728 114.121268	4	39.8463
22.609817 114.130732	1	1.9923
22.611218 114.159207	9	159.3851
22.612742 114.130842	3	19.9231
22.612929 114.137262	5	59.7694
22.613007 114.129267	1	1.9923
22.614072 114.148979	5	45.105
22.614646 114.120194	3	19.9231
22.614869 114.122876	1	2
22.614975 114.149724	3	19.9231
22.615165 114.168801	12	234.2849
22.615435 114.123207	7	102.0617
22.615443 114.125244	1	1.9923
22.615454 114.123113	5	55.7056
22.615604 114.114983	1	0.3622
22.616148 114.113674	1	0.3678
22.616369 114.169655	2	4
22.616425 114.118359	3	19.9231
22.616991 114.050323	3	21.9154
22.616995 114.046901	1	19.9231
22.617332 114.046699	12	466.0196
22.617745 113.84745	1	0.3664
22.617982 114.118918	7	99.6157
22.618443 114.168494	3	19.9231
22.619595 114.229209	7	39.8463
22.619739 114.107025	8	134.8147
22.619811 113.849949	2	1.9923
22.619846 114.107034	9	157.4156
22.619962 114.043372	2	19.9231
22.620184 114.15286	3	19.9231
22.620732 114.142503	5	57.6201
22.620784 114.142396	3	14.888
22.621286 113.870582	1	1.9923
22.621808 114.031797	7	139.4619
22.622065 114.121736	4	39.8463
22.622372 114.032724	2	19.9231
22.622402 114.081573	3	19.9231
22.622626 114.1638	1	1.9923
22.622822 114.031131	1	1.9923
22.623677 114.117077	3	18.3667
22.624165 114.044003	4	55.5456
22.624755 114.042832	2	19.9231
22.624889 114.152166	1	181.9852
22.625287 114.15775	1	0.5462
22.625556 114.118522	3	19.9231
22.625597 114.034519	3	39.9479
22.626028 114.152468	5	39.8463
22.62607 114.073376	10	218.2444
22.626184 114.157752	4	19.9231
22.628276 114.159413	9	139.4619
22.630003 114.154938	10	151.4158
22.630761 114.088349	26	1474.9462
22.631252 114.220208	1	0.3721
22.631265 114.088053	19	759.2893
22.631295 114.088048	16	577.3317
22.631402 114.042737	2	19.9231
22.631729 114.119678	6	79.6925
22.632325 114.153114	4	19.9231
22.633013 114.041198	4	59.7694
22.633177 114.230291	19	212.6327
22.6343 114.08765	1	0.3636
22.634345 114.079336	10	239.0776
22.634382 114.061367	3	19.9231
22.635546 114.068196	3	19.9231
22.635813 114.068462	1	0.365
22.635943 114.19549	1	0.3636
22.637062 114.076561	4	39.8463
22.638154 114.202461	13	119.5388
22.638425 114.021881	2	19.9231
22.639528 114.043671	1	0.041
22.639714 113.938853	3	19.9231
22.640204 114.19104	2	2
22.640956 114.190426	1	0.3622
22.640977 114.061072	24	1507.8397
22.641265 114.193002	5	19.9231
22.641634 114.218031	1	0.354
22.641969 114.429571	1	0.3693
22.642198 114.057303	1	3.9846
22.642208 113.86914	3	19.9231
22.64224 113.869264	3	19.9231
22.642307 114.029399	2	19.9231
22.642329 113.940914	1	1.9923
22.642813 114.199652	5	19.9231
22.643088 114.077496	1	2
22.643389 114.194805	1	0.365
22.643898 114.076399	3	19.9231
22.644142 113.867745	11	213.7231
22.645539 114.043661	2	19.9231
22.645555 114.231645	6	19.9231
22.646470 114.009748	1	19.9231
22.646861 114.009774	1	39.8463
22.646966 114.054897	15	741.186
22.647217 114.192165	1	0.3622
22.647318 113.934592	3	19.9231
22.648044 113.841368	1	2
22.648069 114.036209	1	0.3622
22.648168 113.934028	1	1.9923
22.648431 114.025186	1	7.7362
22.648627 114.045759	2	19.9231
22.649465 114.046196	16	802.9929
22.649654 113.917479	3	19.9231
22.650392 114.052425	3	19.9231
22.651485 114.110239	6	79.6925
22.652855 114.055381	1	1.9923
22.653315 114.029516	8	219.7008
22.653325 114.055072	1	2
22.654059 114.040726	1	1.9923
22.654378 114.018598	2	19.9231
22.654465 114.042558	12	432.0017
22.654493 114.042605	8	188.7821
22.654518 114.042548	4	57.1467
22.65472 114.016713	1	1.9923
22.65537 114.014637	1	0.3636
22.655615 114.222082	6	19.9231
22.655628 113.927887	1	0.0913
22.656474 114.026536	1	39.8463
22.656513 114.088355	1	0.093
22.656633 114.025402	1	0.093
22.656834 114.038863	2	19.9231
22.657030 114.218155	1	39.8463
22.657617 114.207759	13	102.08
22.657737 114.045913	1	0.3636
22.657811 114.029555	7	151.7204
22.658557 114.013122	2	19.9231
22.659456 114.012307	1	0.092
22.659687 114.008433	2	19.9231
22.659864 114.120275	5	39.8463
22.660281 114.221429	6	20.5801
22.660771 114.051308	1	0.3636
22.66124 114.057298	3	19.9231
22.661587 114.074426	3	19.9231
22.661854 114.027580	12	462.5524
22.662717 113.868257	3	11.4122
22.66355 114.113317	3	19.9231
22.663709 114.02819	10	358.6164
22.663852 114.130825	3	19.9231
22.664515 113.827217	4	19.9231
22.66513 114.238248	7	19.9231
22.665157 114.030232	6	140.7584
22.6656 114.20803	18	196.782
22.665838 114.068923	5	64.7502
22.665991 114.06549	4	36.4665
22.666216 113.870892	1	2
22.667073 114.021308	1	0.7245
22.667193 114.020917	7	223.4477
22.667339 114.007186	25	2923.8802
22.667422 114.00305	1	1.9923
22.667868 113.996969	1	0.365
22.668722 114.031515	1	1.9923
22.669112 114.136192	1	1.9923
22.669148 113.923368	11	240.7228
22.669242 114.03156	1	0.3636
22.669292 114.021914	2	19.9231
22.670303 114.139487	11	225.2535
22.671491 113.920377	1	1.9923
22.672999 114.227576	10	45.6855
22.673135 114.008872	2	19.9231
22.673385 113.942687	1	0.3622
22.674691 113.796497	1	179.3082
22.67529 114.026051	1	1.9923
22.675887 113.807281	6	40.0001
22.67597 114.041621	3	39.8463
22.676134 114.031314	2	19.9231
22.676151 114.014881	1	132.103
22.676292 113.828809	4	19.9231
22.676474 113.821783	1	84.414
22.676503 114.019311	3	59.7694
22.676616 114.019238	1	2
22.676906 113.940583	3	19.9231
22.677101 114.230887	6	19.9231
22.677466 114.007083	1	0.3764
22.677596 113.943079	1	8.9832
22.677719 114.319408	2	1.9923
22.67858 113.807474	4	33.7613
22.678585 114.149829	4	19.9231
22.678681 113.944954	3	19.9231
22.678692 114.036315	3	19.9231
22.67872 114.00856	1	2
22.678757 114.000754	1	0.3721
22.678822 114.034685	3	19.9231
22.678983 114.004376	4	41.8386
22.679075 113.940527	4	19.9231
22.679169 113.938947	5	39.8463
22.679928 113.837129	4	19.9231
22.679938 113.944084	3	19.9231
22.681319 113.949623	5	39.8463
22.681384 113.835816	5	39.8463
22.682171 113.831826	3	19.9231
22.68233 113.945186	3	19.9231
22.682929 114.375702	1	2
22.682951 114.010378	2	19.9231
22.683829 113.942915	3	19.9231
22.683833 114.002003	5	92.8451
22.684399 113.951052	3	19.9231
22.684504 113.951115	6	82.9086
22.685402 113.988473	1	1.9923
22.68551 114.16409	1	0.093
22.686066 113.993061	4	59.7694
22.686509 113.982837	1	0.3678
22.687897 114.114036	3	19.9231
22.688487 113.950857	1	3.9846
22.68864 114.003932	2	19.9231
22.688779 113.944955	5	59.7694
22.688898 113.941172	1	2
22.689654 114.089125	3	19.9231
22.690289 113.944985	3	19.9231
22.690644 113.929849	3	19.9231
22.691007 114.350423	5	19.9231
22.691853 113.793094	1	3.4315
22.692011 113.935795	1	2
22.692526 113.808621	1	2
22.692574 114.224224	11	59.7694
22.693376 113.941047	6	79.6925
22.693506 113.994101	1	0.0036
22.693583 114.362754	1	1.9923
22.693729 114.003967	2	19.9231
22.69373 114.057432	1	1.9923
22.693761 114.225501	9	39.8463
22.694308 113.798991	2	19.9231
22.694786 114.363229	4	19.9231
22.694935 113.844956	4	39.8463
22.694950 114.231992	1	119.5388
22.695095 113.815392	2	19.9231
22.695136 113.948254	3	19.9231
22.695229 114.235036	34	537.6568
22.695318 114.284897	8	19.9231
22.69621 113.826622	3	19.9231
22.696556 113.845161	1	1.9923
22.696592 114.080521	1	2
22.69665 114.334521	6	19.9231
22.69716 114.047236	3	19.9231
22.6972 113.799259	2	19.9231
22.697284 114.229877	1	0.3664
22.697286 113.788603	2	19.9231
22.697751 114.227313	22	239.112
22.697844 113.815985	1	1.9923
22.69798 113.82128	4	39.8463
22.698637 114.125143	3	19.9231
22.698914 113.818848	26	1498.9031
22.699048 114.00616	2	19.9231
22.699071 114.262472	7	19.9231
22.699085 113.79328	17	1493.9265
22.699153 113.945862	1	1.9923
22.699995 113.797405	1	0.3622
22.700297 113.801039	2	19.9231
22.700646 114.16965	4	19.9231
22.701280 114.228322	1	19.9231
22.701362 114.000439	1	1.9923
22.701443 114.347332	2	1.9923
22.70193 113.83187	3	19.9231
22.702251 114.059494	3	19.9231
22.702596 113.841585	10	339.6894
22.70298 113.84264	2	19.9231
22.703545 113.944387	4	45.4946
22.703625 114.236176	1	0.237
22.703833 114.093831	3	19.9231
22.705938 114.091435	9	190.1459
22.706283 114.089857	3	19.9231
22.708022 113.815302	3	39.8463
22.708088 114.064351	3	19.9231
22.708666 114.247744	1	0.3622
22.708679 114.090291	3	19.9231
22.708843 114.093508	1	1.2121
22.70931 113.97225	3	21
22.709582 114.177666	4	19.9231
22.709633 113.795383	1	0.3707
22.709856 114.279051	7	19.9231
22.710186 113.804501	1	0.3622
22.710357 114.24983	1	0.3622
22.710917 113.820502	2	19.9231
22.711261 113.811977	1	0.6666
22.711769 114.233943	5	11.0655
22.712053 114.319532	7	19.9231
22.713492 113.158742	8	1.9923
22.715165 114.16351	3	11.3608
22.715649 114.266454	34	419.474
22.716731 113.835882	4	39.8463
22.716905 114.388943	5	42.8347
22.719648 114.217649	2	2
22.720184 114.275458	16	88.7475
22.720263 113.811609	1	0.0923
22.721198 114.077826	1	1.9923
22.721231 113.849567	3	19.9231
22.721676 113.921097	1	1.9923
22.721816 114.265177	13	59.7694
22.722281 113.919227	3	19.9231
22.723878 113.903337	7	119.5388
22.724052 113.922057	38	4268.3089
22.724083 113.83535	3	19.9231
22.724736 114.075841	1	0.3636
22.725041 114.299771	7	19.9231
22.726013 114.17454	2	1.9923
22.726154 114.31471	7	19.9231
22.726269 113.920876	1	1.9923
22.726808 113.904246	4	39.8463
22.727754 113.834037	3	19.9231
22.728433 114.304924	7	19.9231
22.728736 114.264305	1	39.8463
22.729495 114.204233	7	19.9231
22.729527 114.256978	1	0.7461
22.729748 114.269511	7	19.9231
22.729964 114.297779	15	99.6157
22.730032 114.065075	1	1.9923
22.731251 114.100123	3	19.9231
22.731366 113.871288	3	19.9231
22.731757 114.07134	3	19.9231
22.732519 114.135313	4	19.9231
22.732855 113.913579	1	6.3409
22.73341 114.287038	7	19.9231
22.733944 114.116544	4	19.9231
22.734044 113.812878	2	19.9231
22.73447 114.293377	1	0.3794
22.735088 113.840217	1	0.3622
22.735161 114.301889	7	19.9231
22.735438 114.284747	13	59.7694
22.735581 114.021474	1	2
22.735653 113.868736	3	19.9231
22.735666 113.908071	5	59.7694
22.735681 114.276218	34	401.2549
22.735774 113.8453	1	1.9923
22.736067 113.911396	2	19.9231
22.736324 114.38671	4	19.9231
22.736419 114.275272	64	1430.8899
22.736548 113.815489	2	19.9231
22.736689 114.014507	1	4.8502
22.73711 113.836685	1	0.3721
22.737832 113.824021	8	243.0345
22.73786 114.017811	1	0.3664
22.73834 113.814489	5	99.6157
22.738389 114.017535	3	19.9231
22.739625 114.161596	6	19.9231
22.740158 114.043842	3	19.9231
22.74019 113.921597	1	1.9923
22.740512 113.798479	2	19.9231
22.740831 113.830542	1	2
22.741117 114.041342	1	1.9923
22.741636 114.266652	1	180.201
22.742155 113.813455	2	19.9231
22.74242 113.811259	2	19.9231
22.743062 114.118197	4	19.9231
22.743096 113.853538	3	19.9231
22.743173 114.139952	4	38.0205
22.743525 114.019736	1	1.9923
22.743681 113.838079	1	1.9923
22.743748 114.263625	1	0.092
22.744411 114.027775	3	19.9231
22.745632 114.132189	4	19.9231
22.745954 114.400805	6	19.9231
22.746146 113.845129	13	544.5673
22.746363 113.795779	2	19.9231
22.746692 113.269884	21	19.9231
22.747349 114.11389	4	19.9231
22.751659 113.798215	1	5.9769
22.751922 113.578058	3	1.9923
22.752244 113.87611	1	0.2853
22.752358 114.047006	3	19.9231
22.752553 114.026436	4	39.8463
22.752829 114.028418	3	19.9231
22.7529 113.792718	2	19.9231
22.753515 113.857615	3	19.9231
22.753612 114.387122	2	2
22.754333 113.825901	2	19.9231
22.754533 113.814188	2	21.1757
22.754612 114.235709	8	19.9231
22.755268 113.901022	3	19.9231
22.755773 113.912015	3	19.9231
22.756044 113.852766	3	19.9231
22.756527 114.259536	8	19.9231
22.756618 113.846842	3	19.9231
22.757872 113.913137	5	79.6925
22.758389 113.33981	8	1.9923
22.758745 114.25131	2	2
22.759359 113.923425	3	19.9231
22.759419 113.907008	3	19.9231
22.759714 113.904866	1	1.9923
22.760543 113.922454	4	39.8463
22.761235 114.151974	2	1.9923
22.761396 114.370497	2	2
22.761861 114.169312	2	1.9923
22.762004 113.884499	1	2
22.762143 113.808743	1	1.9923
22.762261 113.803356	2	19.9231
22.762335 113.932282	2	19.9231
22.762379 113.817014	2	19.9231
22.762562 113.829352	1	2
22.762867 113.805277	2	19.9231
22.763973 113.813969	5	94.8781
22.764687 113.818122	1	0.365
22.764807 113.2973	24	23.4954
22.764935 114.084304	5	19.9231
22.765165 114.150772	2	1.9923
22.767485 113.900599	4	39.8463
22.76769 113.798662	1	1.9923
22.768174 113.799205	2	19.9231
22.768697 113.798912	2	19.9231
22.769526 114.105348	2	1.9923
22.770166 113.850591	3	19.9231
22.770499 114.093328	2	1.9923
22.770692 113.789215	2	19.9231
22.771301 113.79212	2	19.9231
22.771888 114.087366	5	15.8198
22.772376 114.07461	6	19.9231
22.77245 114.067428	5	19.9231
22.77301 113.262919	23	19.9231
22.773827 114.329945	18	99.6157
22.774768 113.866064	3	19.9231
22.775498 113.757734	2	19.9231
22.777089 113.253881	9	2
22.77798 114.081248	6	19.9231
22.778125 113.751863	2	19.9231
22.778333 114.041517	4	19.9231
22.778588 113.822878	2	19.9231
22.779356 113.882517	3	19.9231
22.779598 113.767788	1	0.3622
22.779628 113.914864	3	19.9231
22.77973 113.915323	3	19.9231
22.779912 113.90617	3	19.9231
22.780596 114.297116	10	39.8463
22.780789 114.118719	6	19.9231
22.781126 113.243096	2	0.0927
22.782264 114.323155	1	0.0913
22.782427 113.899277	3	19.9231
22.783063 113.883553	1	5.5463
22.783929 113.280208	28	19.9231
22.784529 113.834508	2	19.9231
22.785018 113.787249	1	2
22.785235 113.390047	3	0.3636
22.785964 113.747859	1	0.7301
22.786051 113.932075	3	19.9231
22.786188 113.89986	18	768.431
22.786421 113.740693	2	19.9231
22.787472 113.890185	2	19.9231
22.787911 113.123442	11	19.9231
22.788347 113.820687	1	1.9923
22.788478 113.889537	2	19.9231
22.789134 113.388964	24	19.9231
22.789535 113.933072	3	19.9231
22.78981 113.915402	1	0.3664
22.791047 113.907786	3	19.9231
22.79171 113.750679	1	0.3707
22.794154 113.385011	1	39.8463
22.795295 113.760692	2	19.9231
22.79587 113.796218	1	2
22.796075 113.952992	3	19.9231
22.796321 114.159845	1	0.3636
22.796875 113.771143	4	97.0036
22.79723 114.080272	9	39.8463
22.797837 113.7765	2	19.9231
22.798649 113.782269	1	1.9923
22.799161 114.082389	6	19.9231
22.799248 113.734852	2	19.9231
22.799744 113.782606	19	2274.9848
22.799794 113.67304	2	19.9231
22.800291 113.915077	1	1.9923
22.80034 113.828038	5	79.6925
22.800386 113.539775	14	19.9231
22.800504 115.374799	2	0.2861
22.800524 113.828908	7	151.4158
22.801112 114.072281	6	19.9231
22.801349 113.714482	1	94.9628
22.801749 113.75284	3	34.0831
22.801761 113.724562	1	1.9923
22.801885 113.809194	1	5.4222
22.801963 113.721845	3	39.8463
22.802223 114.102635	6	19.9231
22.80265 113.845027	1	0.3622
22.803059 113.881091	1	1.9923
22.803578 113.88048	1	1.9923
22.803661 113.812394	2	19.9231
22.804594 113.880702	1	1.9923
22.804772 113.74753	2	19.9231
22.80565 113.740898	2	19.9231
22.805765 113.580688	58	456.8141
22.805842 113.838947	1	1.9923
22.805936 113.741026	2	19.9231
22.80646 113.847029	3	19.9231
22.806587 113.837543	3	19.9231
22.807539 113.892801	3	19.9231
22.807693 113.850308	1	0.1331
22.808094 113.897042	1	1.9923
22.808677 114.14749	2	2
22.809754 114.081164	7	19.9231
22.810214 113.868431	2	19.9231
22.810679 113.848659	1	1.9923
22.810973 113.72352	1	1.9923
22.811167 113.724467	2	19.9231
22.811372 113.796521	2	19.9231
22.811692 113.682766	1	39.8463
22.811849 113.145181	9	19.9231
22.813131 113.693021	2	19.9231
22.813272 114.090229	6	19.9231
22.813916 113.81585	2	19.9231
22.814336 113.680441	1	2
22.814651 113.793246	2	19.9231
22.814671 113.795105	2	19.9231
22.815166 114.16122	8	19.9231
22.815683 113.682839	2	19.9231
22.816468 113.374217	10	1.9923
22.816792 114.156049	3	1.9923
22.820322 113.985404	1	2
22.8204 113.755576	1	1.9923
22.820459 113.241417	3	0.3707
22.821221 113.052974	5	79.6925
22.821741 113.796559	2	19.9231
22.822065 114.189993	9	19.9231
22.822234 113.755233	2	19.9231
22.82251 113.025002	1	1.9923
22.823269 113.681592	1	1.9923
22.823346 114.190013	9	19.9231
22.823812 113.799767	2	19.9231
22.825356 113.736257	2	19.9231
22.825403 113.274805	8	2
22.826964 114.108587	6	19.9231
22.827093 113.691586	1	2
22.828449 113.186879	20	19.9231
22.828959 114.219065	9	19.9231
22.829263 113.812398	2	19.9231
22.831608 114.113402	6	19.9231
22.831844 113.696638	3	41.8386
22.832066 113.717908	10	544.8401
22.832212 113.689163	1	1.9923
22.832463 113.680066	2	19.9231
22.832479 113.061531	3	99.6157
22.833412 113.222219	22	19.9231
22.83517 114.198	2	2
22.837311 113.257526	7	2
22.837338 113.269796	22	19.9231
22.838986 113.19525	10	4.2092
22.840164 114.200168	8	19.9231
22.840505 113.277245	1	0.0124
22.840749 113.713928	2	16.6889
22.841116 114.108676	6	19.5432
22.841605 114.090852	6	19.9231
22.841984 112.623743	7	19.9231
22.845506 113.269551	63	199.2313
22.845934 113.677471	2	19.9231
22.84683 114.170494	6	20.2945
22.848344 113.022846	1	1.9923
22.848728 114.183671	2	1.9923
22.849592 113.709954	2	19.9231
22.849609 113.635105	3	19.9231
22.849746 113.011734	3	19.9231
22.849891 113.264191	5	2
22.850486 113.155671	3	1.9923
22.850577 114.158236	1	0.0916
22.85065 113.642003	1	1.9923
22.851031 113.208916	18	19.9231
22.852086 113.72698	2	19.9231
22.857311 114.16751	6	19.9231
22.857635 113.731079	1	1.9923
22.859167 113.238154	6	1.9923
22.861333 112.713124	9	19.9231
22.861972 113.174019	14	19.9231
22.862543 113.140443	9	19.9231
22.862789 114.120386	2	2
22.865052 113.012977	3	19.9231
22.867798 113.848589	1	1.9923
22.868659 113.456987	1	0.3693
22.86985 114.131288	9	39.8463
22.869974 113.67508	3	39.8463
22.870735 113.070645	8	19.9231
22.873854 113.080458	8	19.9231
22.875004 112.960342	4	19.9231
22.87546 112.936851	1	1.9923
22.877114 114.095352	7	19.9231
22.877588 113.082854	11	39.8463
22.877674 113.082808	11	39.8463
22.877694 113.313253	4	2
22.878442 113.821749	6	79.6925
22.879447 113.824912	3	19.9231
22.882888 113.079766	7	19.9231
22.883376 114.119983	9	39.8463
22.886224 114.007398	6	19.9231
22.886559 112.815505	25	19.9231
22.887126 113.401686	14	75.3616
22.890848 112.908035	14	19.9231
22.891166 113.826767	4	19.9231
22.892953 113.410004	2	1.9923
22.894359 112.884605	5	2
22.895069 113.634534	5	19.9231
22.896958 113.046817	9	19.9231
22.897119 113.852208	5	19.9231
22.897819 113.669414	1	0.3664
22.898636 113.923088	4	19.9231
22.900134 112.901647	6	3.9846
22.900153 113.863877	5	19.9231
22.903224 113.816181	6	19.9231
22.905281 113.866005	2	1.9923
22.905481 113.09496	9	19.9231
22.905706 113.819436	6	19.9231
22.906752 113.167485	19	39.8463
22.907445 113.166922	13	19.9231
22.907607 113.662132	1	1.9923
22.908228 113.224487	18	39.0864
22.90844 113.084222	9	19.9231
22.910516 113.222848	13	19.9231
22.910525 113.998527	1	1.9923
22.910687 113.999879	8	79.6925
22.91217 113.621716	5	19.9231
22.913183 113.845955	10	34.7793
22.913478 114.007215	5	19.9231
22.914986 114.0613	1	0.365
22.91514 112.872049	19	39.8463
22.915173 113.980395	5	19.9231
22.917688 114.090245	4	19.9231
22.918387 113.083775	10	19.9231
22.919953 113.213961	1	191.2621
22.919974 113.213898	1	135.7602
22.920015 113.865418	3	1.9923
22.92074 114.012363	6	39.8463
22.920828 113.667761	5	19.9231
22.921069 114.011611	5	636.5533
22.921528 113.37898	2	1.9923
22.921637 113.378999	2	1.9923
22.921877 113.970559	4	19.9231
22.922027 113.22959	13	19.9231
22.922346 113.928126	2	2
22.923575 114.020889	1	0.0923
22.924002 113.078846	9	19.9231
22.925 113.631691	5	19.9231
22.925371 112.924259	13	19.5432
22.925945 113.365381	1	0.3636
22.926225 113.348035	5	19.9231
22.926463 114.037365	5	19.9231
22.92664 113.983376	4	19.9231
22.926663 113.935444	5	19.9231
22.926757 113.931721	5	19.9231
22.927461 114.123809	2	1.9923
22.92814 114.081898	52	9065.9062
22.928183 113.739975	2	2
22.928824 112.939739	30	119.5388
22.929345 113.66229	2	1.9923
22.93 113.837293	9	19.9231
22.932349 113.870064	9	19.9231
22.932951 113.648792	1	0.0194
22.933476 114.04144	2	1.9923
22.934163 113.661179	4	7.4288
22.934209 113.847286	1	0.0913
22.93524 113.712423	8	19.9231
22.935573 113.636469	5	19.9231
22.935688 113.329537	4	19.9231
22.935859 113.683234	67	1937.4291
22.936494 113.359285	6	59.7694
22.937475 113.712295	8	19.9231
22.937492 113.675092	2	2
22.937503 113.472495	12	39.8463
22.93804 113.665746	20	199.2313
22.938138 113.362741	3	19.9231
22.938265 113.625489	5	19.9231
22.938454 113.807922	14	39.8463
22.938598 113.349263	4	19.9231
22.939187 113.746074	17	70.9796
22.940616 113.360372	3	19.9231
22.940836 113.649068	1	0.9856
22.94227 113.268151	1	0.3636
22.943258 113.412968	1	1.9923
22.943723 113.092554	3	4
22.944018 112.84557	2	0.3707
22.944554 113.866188	10	19.9231
22.944615 113.403347	5	59.7694
22.945842 112.992485	9	19.9231
22.945963 113.378949	17	692.4968
22.946046 113.093371	8	19.9231
22.946099 113.402232	3	19.9231
22.946631 113.282171	5	39.8463
22.946646 113.364742	3	19.9231
22.947097 113.679983	114	67997.3868
22.947583 113.155394	7	13.1511
22.947788 113.274266	1	1.9923
22.947805 113.274358	8	79.6925
22.948517 113.939403	2	1.9923
22.948656 113.857529	3	2
22.949361 113.383475	1	34.0692
22.950558 113.200507	8	19.9231
22.953789 113.35024	3	19.9231
22.953825 113.083441	2	2
22.953944 113.977261	4	19.9231
22.954478 113.370849	3	19.9231
22.954645 113.911108	6	19.9231
22.9547 113.380502	1	4.2255
22.954792 113.920758	5	19.9231
22.954846 113.935392	5	19.9231
22.954901 113.379857	3	19.9231
22.954993 113.911264	6	19.9231
22.955161 113.461607	2	1.9923
22.95593 113.662486	5	19.9231
22.956234 113.364883	1	0.093
22.956544 113.411829	1	1.9923
22.956593 113.885066	3	1.9923
22.957645 113.046727	1	19.9231
22.957762 113.885591	40	404.3689
22.957819 113.885455	32	289.7356
22.95841 113.083468	7	19.9231
22.958535 113.89069	3	1.9923
22.958694 113.378083	3	19.9231
22.959082 113.688505	4	10.8986
22.95963 113.700828	6	19.9231
22.95994 113.346143	1	2
22.960403 113.668769	6	20.9193
22.960469 114.04255	4	19.9231
22.960617 113.701495	15	130.7752
22.960654 113.356821	1	0.375
22.960802 113.335749	5	73.2507
22.961047 113.923816	2	1.9923
22.961275 113.889792	9	19.9231
22.961579 113.67718	5	19.9231
22.962249 113.936295	2	1.9923
22.962496 114.180187	2	1.9923
22.963037 113.107354	10	38.4497
22.963595 113.678648	2	1.9923
22.963677 113.668272	32	860.6575
22.964123 113.283207	3	19.9231
22.964203 113.088383	15	84.0491
22.964789 113.431002	1	1.9923
22.965728 113.473636	5	19.9231
22.965764 114.035832	12	134.5708
22.966175 113.092774	8	19.9231
22.966192 114.139648	2	2
22.966344 113.092801	13	179.3082
22.966469 113.017223	1	0.1097
22.966895 113.403471	2	19.9231
22.967164 113.996381	1	1.1203
22.967507 113.338308	3	19.9231
22.969322 113.70557	7	19.9231
22.96937 113.767053	3	1.9923
22.969485 114.154996	3	1.9923
22.97076 113.99635	9	119.5388
22.970974 114.140149	3	1.9923
22.972278 114.035429	5	19.9231
22.9731 113.736391	2	1.9923
22.974824 113.988868	4	19.9231
22.976325 114.085426	1	1.9923
22.976627 113.224839	4	19.9231
22.976751 113.760212	9	19.9231
22.978106 113.433893	4	19.9231
22.97827 113.35543	1	1.9923
22.979086 113.982372	4	19.9231
22.979376 113.359597	15	479.3786
22.979523 113.868991	11	19.9231
22.979873 113.314866	1	56.9125
22.980092 113.017895	24	123.5234
22.980098 113.86381	9	19.9231
22.980136 113.760893	3	1.9923
22.980661 114.002005	14	200.0799
22.981142 113.319482	2	3.9846
22.981732 113.508461	6	19.9231
22.981998 114.002272	1	2
22.982071 114.032407	11	119.5388
22.983303 113.309809	1	1.6879
22.983841 113.929266	9	39.8463
22.98412 114.012715	2	1.9923
22.984608 113.955644	5	19.9231
22.985054 113.730621	9	31.4796
22.985329 113.719121	12	55.7674
22.985368 113.322854	4	19.9231
22.985615 113.953996	5	19.9231
22.986327 113.912095	2	2
22.986687 113.95669	1	1.9923
22.987346 114.040265	2	1.9923
22.987672 113.950727	5	20
22.988497 114.020475	5	19.9231
22.989233 114.015563	5	17.3502
22.989311 113.254156	1	0.3678
22.989608 113.13176	1	0.3707
22.991592 113.723135	1	39.8463
22.99176 113.884259	5	3.8779
22.99238 113.126195	13	59.7694
22.992381 113.205443	6	19.9231
22.993739 113.87697	12	19.9231
22.994115 113.992473	5	19.9231
22.995646 114.006372	13	183.7939
22.996231 113.842775	8	19.9231
22.996967 113.355869	1	1.9923
22.997366 113.313271	4	19.9231
22.997915 113.897973	11	19.9231
22.998147 113.923586	7	19.9231
22.999192 114.343194	42	233.9414
23.000026 113.662626	1	0.0927
23.000144 113.91974	7	19.9231
23.001247 113.072967	8	19.5432
23.001787 113.352865	6	39.8463
23.002962 113.13325	10	39.8463
23.003847 113.784079	10	19.9231
23.004923 113.157507	13	59.7694
23.005873 113.941863	3	5.9769
23.006205 113.125956	6	12.9003
23.007204 113.12903	16	93.1884
23.007471 113.134428	8	21.9154
23.009599 113.706808	7	19.9231
23.009643 113.143825	12	47.8155
23.010499 114.022416	5	19.9231
23.010914 113.733551	23	171.1253
23.011314 114.102109	6	19.9231
23.012182 113.71556	7	19.9231
23.012481 113.083899	23	168.3546
23.012667 113.839206	94	6824.2516
23.012891 113.7361	2	1.9923
23.013316 113.764039	56	801.945
23.013723 113.767861	9	19.9231
23.013819 113.286347	4	19.9231
23.014123 113.330912	4	19.9231
23.014185 113.648114	14	91.5635
23.014449 113.840248	3	1.9923
23.01484 113.933518	2	2
23.014966 113.330859	1	1.9923
23.015994 113.76411	2	0.908
23.01609 113.393033	3	19.9231
23.016329 113.710283	2	1.9923
23.016933 113.149007	21	151.5345
23.017262 113.334856	15	239.0776
23.017785 114.039199	6	39.8463
23.018008 112.928569	6	19.9231
23.018177 113.341384	9	104.1227
23.018359 113.998026	1	0.3622
23.018409 113.931099	7	19.9231
23.018796 113.341028	4	19.9231
23.018857 113.07747	2	0.9115
23.019462 113.077555	16	114.4205
23.019708 113.088886	1	313.7988
23.019975 113.339842	11	138.8561
23.019999 113.304801	4	15.8772
23.020387 113.330951	4	19.9231
23.020809 113.949274	5	19.9231
23.020852 113.984484	5	19.9231
23.021185 113.736371	8	20.0221
23.022259 113.965266	1	0.143
23.022548 113.928423	7	19.9231
23.022658 113.353567	4	19.9231
23.022885 113.826933	26	183.2365
23.023463 113.747246	8	19.9231
23.02382 113.12482	22	284.9008
23.023983 113.113357	41	533.4239
23.024469 113.123242	8	19.9231
23.025509 113.136987	29	318.7701
23.025707 113.201287	7	19.9231
23.025829 113.317362	73	7054.4886
23.025831 113.31738	57	4236.5421
23.025897 113.317272	20	526.7561
23.025983 113.160490	1	0.3764
23.026036 113.31943	6	46.5355
23.026671 113.314161	31	1256.9036
23.027139 113.325241	1	2
23.027282 113.321826	25	812.4732
23.027314 113.146958	1	0.3622
23.027349 114.05203	4	19.9231
23.027713 114.031215	2	2
23.027846 113.314994	4	19.9231
23.028009 113.924963	7	19.9231
23.028507 113.205598	6	19.9231
23.028549 113.108267	8	19.9231
23.02919 113.331874	1	1.9923
23.029455 113.233272	1	0.1092
23.029619 113.317787	1	1.9923
23.029895 113.18301	7	19.9231
23.030732 113.318917	4	19.9231
23.031403 113.998336	5	19.9231
23.031772 114.092653	4	19.9231
23.031824 113.131483	1	19.9231
23.031897 113.198752	5	19.9231
23.032175 113.058428	8	19.9231
23.032306 113.156795	12	49.3891
23.032352 113.885701	11	19.9231
23.033092 113.343921	4	19.9231
23.03343 113.14227	18	114.8859
23.033969 113.0551	3	2
23.034994 113.749133	22	148.8489
23.035068 113.77925	1	0.3636
23.035179 113.799057	9	19.9231
23.035598 113.072124	8	19.9231
23.035953 113.163214	19	236.2993
23.036206 113.772804	10	19.9231
23.036259 113.795512	1	0.3636
23.03649 113.151936	7	19.9231
23.036541 113.294234	1	0.3764
23.037019 113.134502	8	19.5432
23.037027 113.797487	9	19.9231
23.037111 113.134501	11	79.6925
23.037111 113.886441	15	39.8463
23.037115 113.117726	17	103.0065
23.037388 113.784323	10	19.9231
23.03844 113.124528	8	19.9231
23.038477 113.797326	9	20.1144
23.039077 113.133736	55	1523.3223
23.0391 113.13376	20	145.195
23.039387 113.749698	9	19.9231
23.039433 113.973821	2	2
23.039637 113.113535	1	19.9231
23.039652 113.793757	9	19.9231
23.039656 113.718566	12	145.8889
23.039749 113.149592	2	1.9923
23.039768 113.71544	3	1.9923
23.040397 113.158358	10	41.8386
23.040919 113.132589	10	59.7694
23.041115 114.013836	5	19.9231
23.041146 113.793387	9	19.9231
23.041151 113.116029	8	19.9231
23.041392 113.757660	1	86.2996
23.041501 113.317763	1	0.3721
23.041766 113.733323	1	39.8463
23.042076 113.088167	36	425.5539
23.042227 113.832825	3	1.9923
23.042548 113.281709	1	1.9923
23.042646 113.15652	2	2
23.042795 113.30588	8	99.6157
23.042904 113.339694	4	19.9231
23.04329 113.105539	3	1.9923
23.043474 114.067686	1	1.9923
23.044102 113.341251	3	19.9231
23.044151 113.780224	10	19.9231
23.044736 113.832363	2	0.9045
23.044896 113.134245	8	19.9231
23.044966 113.070853	8	19.9231
23.045104 113.09069	1	0.365
23.045332 113.177387	5	19.9231
23.045704 113.49505	7	148.5654
23.045783 113.318957	1	1.9923
23.04612 113.77029	7	10.2849
23.046553 113.380583	1	2
23.046573 113.786543	9	19.9231
23.046685 113.787325	3	2
23.047007 113.337859	3	19.9231
23.047683 113.965833	4	19.9231
23.047825 112.892575	5	19.9231
23.047881 113.453861	1	1.9923
23.04801 113.401632	1	0.7272
23.048058 113.387189	1	1.9923
23.048139 113.399886	1	0.3678
23.048494 113.318613	3	19.9231
23.048678 113.7786	14	39.8463
23.048773 113.320775	16	438.3089
23.049063 113.162249	6	19.9231
23.049124 113.399401	3	19.9231
23.049134 113.392069	3	19.9231
23.049141 113.394477	1	0.3622
23.049183 113.780553	3	2
23.04938 113.170711	27	557.8477
23.049722 113.401725	1	0.365
23.051221 113.787943	19	99.6157
23.052802 113.75171	9	19.9231
23.053426 113.761634	217	10187.7506
23.053699 113.958475	1	1.9923
23.05402 113.870366	3	1.9923
23.054148 113.294756	10	179.3082
23.054558 113.077375	8	19.9231
23.054569 112.923115	8	39.8463
23.054769 113.652720	171	9495.8126
23.054901 113.768854	18	59.7694
23.054911 113.768888	232	10210.6765
23.054918 113.412964	1	0.3636
23.055013 113.744351	8	19.9231
23.055061 113.744384	25	213.5504
23.055543 113.548862	2	19.9231
23.056917 113.972694	1	1.9923
23.057688 113.395357	1	0.3636
23.058123 113.209894	1	1.9923
23.058126 113.113304	1	0.365
23.05819 113.382202	17	578.4185
23.058886 113.791876	3	2
23.05918 113.115516	3	1.9923
23.059438 113.776895	2	0.9011
23.059838 113.771276	10	19.9231
23.060158 113.777571	25	115.5408
23.060244 113.228424	15	318.7701
23.06127 114.017925	4	23.0116
23.061404 113.745668	9	19.9231
23.061539 113.819426	3	2
23.061671 113.2262	5	39.8463
23.062129 113.274549	4	23.4321
23.062639 113.085754	8	19.9231
23.062979 113.365235	3	19.9231
23.063001 112.952244	5	19.9231
23.063067 113.346537	3	19.9231
23.06335 113.316799	1	1.9923
23.063445 113.774572	20	71.7233
23.063448 113.289247	1	0.143
23.064088 113.111914	3	2
23.064156 113.132635	8	19.9231
23.064412 113.447505	4	49.648
23.064767 113.05448	13	83.6772
23.065028 113.900075	12	39.8463
23.065181 113.15496	12	55.5474
23.065583 113.585017	7	108.7365
23.06617 113.718616	8	19.9231
23.066181 114.022867	1	2
23.067008 112.967578	6	19.9231
23.067267 113.399145	3	19.9231
23.068304 112.851532	1	0.365
23.068369 113.261283	7	79.6925
23.068396 113.18246	5	19.9231
23.069415 113.287606	1	0.0121
23.070079 113.878506	12	19.9231
23.070594 114.007934	1	1.9923
23.070767 113.315198	4	19.9231
23.071442 113.891204	1	0.1566
23.072207 113.112958	23	169.0116
23.072993 113.209000	1	59.7694
23.073486 113.170439	11	105.3559
23.074947 113.696184	7	19.9231
23.075797 113.288044	8	105.5926
23.075933 113.279275	4	19.9231
23.075938 113.311626	4	19.9231
23.076061 113.733896	3	2
23.076161 113.80713	10	20.2553
23.076328 113.187407	5	19.9231
23.076711 113.969625	5	19.9231
23.076772 113.285325	2	4.6652
23.077559 113.269359	1	1.9923
23.077633 113.289146	6	59.7694
23.078122 113.106922	8	19.9231
23.080988 113.339109	1	1.9923
23.081293 113.183563	2	2
23.081440 113.314419	1	0.3636
23.081462 112.963963	7	19.9231
23.081526 113.219005	1	1.9923
23.081575 113.255523	2	4.2743
23.081941 113.340145	2	3.9846
23.082187 113.232450	1	19.9231
23.082555 113.340246	4	19.9231
23.083141 113.767028	10	19.9231
23.084662 113.247408	4	19.9231
23.084767 113.238996	4	19.9231
23.085993 113.286892	20	631.8731
23.086145 113.344864	1	0.3636
23.087139 113.278892	5	44.1162
23.087559 113.330808	4	19.9231
23.087982 113.25839	1	1.2701
23.08834 113.811783	42	430.3396
23.088394 113.330061	1	1.9923
23.089051 112.953818	6	19.9231
23.089162 112.882467	51	2127.005
23.089531 113.30354	4	19.9231
23.089764 113.308813	4	19.9231
23.089928 113.524417	1	0.3721
23.091486 113.733677	8	19.9231
23.091569 113.270582	4	19.9231
23.091579 113.536227	1	0.3636
23.091655 113.336944	5	42.3704
23.091763 113.003852	8	19.9231
23.092183 113.334395	1	0.7329
23.092249 113.82953	9	19.9231
23.092579 113.326677	1	1.9923
23.09287 113.196772	5	19.9231
23.092992 113.385417	1	0.3622
23.093022 113.385584	1	0.3636
23.093079 113.278148	1	79.6925
23.09324 113.161075	1	0.375
23.09353 113.97741	2	3.9846
23.093532 113.299083	3	19.9231
23.093705 113.784069	3	1.9923
23.093789 113.271795	1	19.9231
23.093876 113.784144	10	19.9231
23.09451 113.537448	2	19.9231
23.0946 113.284436	7	85.6695
23.095225 113.365248	4	39.8463
23.095291 113.268316	2	6.0877
23.095389 113.364311	1	0.3736
23.096097 113.381176	1	1.9923
23.096891 113.304406	5	46.2113
23.096916 113.284093	11	246.9617
23.097143 113.944739	3	1.9923
23.097177 113.794141	1	0.3764
23.097481 113.269269	8	119.5388
23.097502 112.983289	8	19.9231
23.097546 113.335980	1	79.6925
23.098008 113.236094	6	46.0497
23.09828 113.326104	1	2
23.09882 113.340249	3	19.9231
23.098874 113.328971	5	39.8463
23.099167 113.262162	1	1.9923
23.099259 113.488909	64	13327.9511
23.09955 113.258924	3	19.9231
23.099656 113.487402	23	1650.2348
23.100183 113.337437	1	0.7245
23.100414 113.295104	8	106.4804
23.100669 113.350425	1	1.9923
23.1013 113.185484	5	19.9231
23.101533 113.281233	1	39.8463
23.101558 113.314506	10	168.3819
23.101657 113.874529	12	19.9231
23.101714 113.237932	4	19.9231
23.101793 113.333964	1	1.9923
23.101896 113.325889	4	24.1771
23.102272 113.314206	15	409.9957
23.102809 113.235305	6	39.8463
23.102825 113.385889	3	23.9078
23.10288 113.240445	6	39.8463
23.103251 113.278701	1	0.3508
23.103519 113.375663	3	19.9231
23.103535 113.239467	3	11.5443
23.103618 113.375591	8	139.4619
23.103622 113.459465	1	0.3693
23.103755 113.45262	3	19.9231
23.103973 113.270764	1	0.1403
23.104198 113.363252	6	59.7694
23.104527 113.867865	9	19.9231
23.10461 112.99215	2	1.9923
23.10473 113.270301	4	21.9154
23.10474 113.185962	5	19.9231
23.105029 113.325525	1	0.3508
23.105198 113.276884	5	39.8463
23.105474 113.487867	4	39.8463
23.105495 113.985255	2	1.9923
23.105626 113.331857	4	19.9231
23.10584 113.271284	5	39.8463
23.106108 113.97324	6	19.9231
23.106249 113.218555	1	0.354
23.106351 113.256934	1	0.3707
23.106751 113.312493	9	147.3951
23.106792 113.312499	9	127.508
23.10714 113.301889	43	3039.9026
23.107343 113.284026	1	19.9231
23.107375 113.541189	2	31.5077
23.107515 113.457024	4	53.5749
23.107527 113.14625	22	225.3733
23.107633 113.934697	48	585.3526
23.108233 113.265912	5	39.8463
23.10824 113.26614	6	59.7694
23.108456 113.239011	1	0.75
23.108546 113.283064	1	19.9231
23.108864 113.456471	3	19.9231
23.108882 113.578363	1	1.9923
23.109573 113.189996	4	12.2308
23.109659 113.237630	1	0.5676
23.110039 113.473598	1	1.9923
23.110206 113.840149	36	464.8392
23.110309 113.422985	3	19.9231
23.110531 113.300917	1	19.9231
23.11072 113.274436	5	44.3144
23.110957 113.460126	5	79.6925
23.110975 113.284901	3	19.9231
23.112146 113.79086	10	19.9231
23.11221 113.271012	4	19.9231
23.112296 113.127154	14	87.1681
23.112827 113.280243	1	39.8463
23.112882 113.229895	1	1.9923
23.113131 113.449036	3	19.9231
23.113143 113.555107	1	19.9231
23.113186 113.456276	1	2
23.113299 113.2858	1	0.3794
23.113707 113.194624	5	15.1603
23.11394 113.840691	3	2
23.114022 113.287397	1	3.0446
23.114157 113.861517	4	4.7742
23.114369 113.831847	9	19.9231
23.114422 113.626196	8	19.9231
23.11445 113.186448	5	19.9231
23.114455 113.31211	8	93.5386
23.114495 113.283361	1	0.3636
23.114535 113.359365	1	15.7373
23.114597 113.437809	1	0.3721
23.114962 113.550644	1	4.1494
23.115144 113.25955	5	39.8463
23.115301 113.762285	3	2
23.11535 113.287375	2	8.0595
23.115450 113.418224	1	19.9231
23.115734 113.284565	3	11.5341
23.115794 113.550495	1	0.6838
23.116108 113.167781	2	1.9923
23.116301 112.869282	1	2
23.116361 113.226914	4	19.9231
23.117189 113.362763	5	39.8463
23.117332 113.411635	3	29.852
23.11803 113.362287	10	192.2122
23.118132 113.364511	3	19.9231
23.118314 113.409231	3	31.759
23.118348 113.248571	1	0.2408
23.118702 113.132484	11	59.7694
23.119350 113.297393	1	0.3664
23.119504 113.34438	1	1.9923
23.119823 113.209463	5	19.9231
23.119893 113.379039	1	2
23.11996 113.394607	1	0.3678
23.120203 113.136969	17	149.86
23.120306 113.268304	6	59.7694
23.120339 113.823403	3	2
23.120488 113.371238	1	1.9923
23.121292 113.401779	3	19.9231
23.121891 113.824454	12	39.8463
23.12206 113.400313	3	19.9231
23.122523 113.401998	4	39.8463
23.122746 113.192885	2	1.9923
23.123160 113.354538	1	19.9231
23.123308 113.409223	4	46.3032
23.123324 113.634497	1	0.0913
23.123450 113.303099	1	0.3494
23.123978 113.267879	1	0.3779
23.124025 113.252196	4	19.9231
23.12403 113.254495	4	19.9231
23.124216 113.258174	4	19.9231
23.124292 113.357872	6	59.7694
23.12433 113.109483	2	2
23.12442 113.885572	13	19.9231
23.124435 113.338799	6	59.7694
23.124553 113.327841	1	1.9923
23.124737 113.411019	3	19.9231
23.12484 113.428474	3	19.9231
23.12486 113.253212	4	19.9231
23.124957 113.285162	1	19.9231
23.125273 113.424431	3	21.9154
23.125325 113.415681	1	0.3736
23.125711 113.266843	1	638.8183
23.125731 113.402306	29	2148.7238
23.125736 113.266832	1	19.9231
23.125804 113.4009	4	48.5795
23.126049 113.321041	6	39.8463
23.126053 113.401054	5	59.7694
23.126134 113.430484	1	0.3794
23.12621 113.264437	1	2.1046
23.126289 113.42732	1	2
23.126541 113.634612	8	19.9231
23.126572 113.317045	1	0.3622
23.126749 113.363538	4	19.9231
23.126861 113.267994	6	41.8386
23.126932 113.660297	2	0.9847
23.126948 113.27424	7	59.7694
23.127013 113.399742	7	119.5388
23.127199 113.368326	1	0.3636
23.1273 113.275742	4	19.9231
23.12757 113.258991	4	19.9231
23.127649 113.568156	2	19.9231
23.127697 113.310772	1	1.227
23.127808 113.268909	28	876.885
23.127909 113.429536	3	19.9231
23.128006 113.404252	3	19.9231
23.128267 113.288356	1	19.9231
23.12836 113.615803	7	19.9231
23.128426 113.606336	2	1.9923
23.129688 113.409023	34	2755.8648
23.129741 113.466657	1	2
23.129766 113.418898	3	19.9231
23.129889 113.405613	1	0.0247
23.130042 113.261542	1	0.3636
23.130577 113.386125	3	19.9231
23.1306 113.241295	14	159.3851
23.130774 113.286409	4	19.9231
23.131021 113.010393	11	20.4029
23.131169 113.297453	16	317.5724
23.131268 113.394681	1	0.3622
23.131497 113.263774	4	19.9231
23.131625 113.269593	4	19.9231
23.13176 113.281256	4	19.9231
23.131781 113.272225	1	0.143
23.131877 113.467281	2	19.9231
23.131878 113.152314	6	19.9231
23.132375 113.192373	1	0.3454
23.132648 113.437797	1	1.9923
23.132668 113.286578	6	39.8463
23.132753 113.389921	2	5.6317
23.132941 113.338573	9	88.1576
23.133161 113.422087	3	19.9231
23.133238 113.239864	1	0.0001
23.133276 113.249702	14	195.401
23.133346 113.288213	1	325.9203
23.133812 113.270935	1	79.6925
23.134027 113.388363	1	1.9923
23.134029 113.380696	1	498.2218
23.13433 113.325261	1	1.9923
23.134618 113.386783	3	19.9231
23.134750 113.392481	1	56.9125
23.135027 113.391975	1	3.9846
23.135042 113.328932	1	0.7079
23.13516 113.337886	6	39.8463
23.13592 113.315173	7	59.7694
23.135971 113.386713	5	39.8463
23.136097 113.391523	1	3.9846
23.136125 113.260912	1	2
23.136657 113.394102	3	19.9231
23.136755 113.393612	1	59.7694
23.136778 113.393584	1	39.8463
23.136869 113.252176	17	287.4723
23.137149 113.279169	4	19.9231
23.137376 113.338695	4	19.9231
23.137429 113.282856	7	59.7694
23.137481 113.283015	8	79.6925
23.137578 113.282935	7	59.7694
23.13759 113.381757	33	1980.8566
23.137667 113.268607	4	19.9231
23.138009 113.339948	3	8.0586
23.138078 113.361953	1	0.3678
23.138201 113.305131	1	661.4701
23.138844 113.579964	3	19.9231
23.138925 113.378918	5	39.8463
23.139008 113.38467	3	19.9231
23.1394 113.329564	1	2.0332
23.139733 113.367267	4	19.9231
23.139774 113.267231	1	0.3693
23.140092 113.268413	1	0.3414
23.140153 113.23236	5	19.9231
23.140301 113.386469	1	0.0377
23.140365 113.344485	1	1.562
23.140438 113.029602	10	19.9231
23.140609 113.276638	2	4.9808
23.140659 113.328849	4	19.9231
23.141318 113.400417	5	43.8033
23.141344 113.343578	8	79.6925
23.141363 113.275715	1	1.9923
23.14151 113.550662	2	19.9231
23.141658 113.300051	4	19.9231
23.141684 113.262137	62	4182.3338
23.141711 113.300112	4	19.9231
23.141977 113.236106	7	39.8463
23.142575 113.459695	1	2
23.142616 113.293306	6	39.8463
23.142655 113.377527	4	28.1365
23.143373 113.376315	95	14868.4446
23.143869 113.433006	3	19.9231
23.143901 113.299725	10	115.5542
23.1441 113.336	1	0.3622
23.144206 113.240874	10	79.6925
23.145345 113.324224	1	1.9923
23.146261 113.227406	2	1.9923
23.14642 112.964127	6	19.9231
23.146479 113.16745	5	19.9231
23.146495 113.111215	2	0.8398
23.146568 113.346826	1	115.7718
23.146943 113.305001	85	8549.9583
23.147242 113.349043	4	19.9231
23.147679 113.251731	1	0.3535
23.147686 113.255173	1	1.9923
23.148217 113.293311	1	19.9231
23.148314 113.293349	1	39.8463
23.148396 113.293411	8	79.6925
23.148752 113.351212	1	0.143
23.149271 113.295089	1	1.9923
23.149311 113.28236	6	39.8463
23.150449 113.234368	5	19.9231
23.150466 113.2571	1	2
23.150785 113.332625	9	79.6925
23.151009 113.551515	1	59.7694
23.151366 113.33294	2	3.9846
23.151654 113.326654	4	19.9231
23.152238 113.352632	1	0.3636
23.152359 113.235196	2	1.9923
23.152881 113.369335	1	1.9923
23.153595 113.33432	1	0.3721
23.15374 112.905005	7	41.8386
23.154271 113.508727	2	19.9231
23.154408 113.17362	2	1.9923
23.155817 113.378966	1	1.9923
23.156647 113.267766	4	19.9231
23.156692 113.328526	13	174.7604
23.15676 113.588452	4	19.9231
23.157744 113.432903	1	0.0927
23.158235 113.60728	12	19.9231
23.158466 113.204456	1	0.3707
23.158548 113.097191	8	19.9231
23.158884 113.09294	3	1.9923
23.159015 113.175273	5	19.9231
23.159187 112.834761	1	0.143
23.160089 113.240921	10	79.6925
23.161377 113.271094	1	0.093
23.161889 113.311327	4	19.9231
23.162649 113.440314	2	19.9231
23.16291 113.227189	5	19.9231
23.16337 113.257362	4	19.9231
23.164734 113.229295	8	59.7694
23.164795 113.215376	5	19.9231
23.164808 113.215426	5	19.9231
23.165025 113.494401	1	1.9923
23.165246 113.229868	4	13.5709
23.166063 113.242496	2	1.9923
23.166269 113.21411	40	1366.1619
23.167896 113.390573	1	1.9923
23.168041 113.390831	3	19.9231
23.168364 113.39024	3	19.9231
23.168598 113.331828	4	19.9231
23.168829 113.325786	1	39.8463
23.168946 113.387319	3	19.9231
23.169018 113.38727	3	19.9231
23.170052 112.896012	14	271.4754
23.170584 113.247355	5	19.9231
23.170703 113.464494	1	0.143
23.170743 113.495516	2	19.9231
23.17077 113.386429	5	39.8463
23.171037 113.385506	3	19.9231
23.171964 113.496133	1	1.9923
23.172054 113.38756	3	19.9231
23.173014 113.320705	58	3836.0711
23.173079 113.245933	5	19.9231
23.173781 112.864304	1	59.7694
23.173973 113.264768	1	0.3467
23.174499 113.263282	13	199.2313
23.175625 113.472175	1	1.9923
23.176051 113.664926	17	19.9231
23.176257 112.84429	5	19.9231
23.176335 113.278514	1	2
23.176391 113.265977	1	0.3736
23.176661 113.010389	10	19.9231
23.176911 113.244812	1	19.9231
23.177908 113.262563	4	19.9231
23.178014 113.271324	1	2
23.178845 113.358177	90	10427.7392
23.17893 112.863593	2	1.9923
23.179085 113.232562	7	43.8309
23.179127 113.232607	3	10.9577
23.179264 113.714935	11	19.9231
23.17939 113.232624	3	9.9616
23.180843 113.266661	4	19.9231
23.180978 113.353962	1	0.7077
23.181232 113.51278	3	58.2166
23.181584 113.211855	1	2
23.181886 112.960073	5	19.9231
23.181887 112.963401	5	19.9231
23.181904 113.274925	4	19.9231
23.1831 113.34978	1	0.0916
23.183163 113.351206	1	0.3707
23.183208 113.242859	5	19.9231
23.184704 112.86817	1	2
23.184956 113.460672	3	19.9231
23.185425 113.328208	2	4.2748
23.187008 113.257642	56	3562.2053
23.187311 113.15181	7	19.9231
23.187784 113.171703	5	19.9231
23.188125 113.205387	1	1.9923
23.188935 113.330106	1	0.3414
23.189315 113.270151	1	0.0913
23.189477 112.9031	3	7.5925
23.189998 113.256442	4	19.9231
23.190577 113.251884	12	171.1987
23.190597 113.250874	4	19.9231
23.190689 113.092035	2	1.9923
23.190896 113.34069	1	0.3779
23.191428 113.253969	4	19.9231
23.191485 113.341252	1	0.375
23.192039 113.348428	5	39.8463
23.192458 113.347272	139	27953.0363
23.192462 113.34726	89	11349.0899
23.192579 113.347404	14	263.7415
23.193002 113.240517	5	19.9231
23.193221 113.334035	1	0.0451
23.193444 113.370323	5	39.8463
23.19419 113.341465	4	19.9231
23.194579 113.273734	8	79.6925
23.194785 113.273758	4	19.9231
23.196752 113.347108	5	41.8386
23.197087 113.272624	4	19.9231
23.1972 113.341247	4	17.9066
23.197231 113.265481	4	19.9231
23.197335 112.885419	2	1.9923
23.197384 113.396439	3	19.9231
23.197404 113.164752	2	1.9923
23.197974 113.362159	2	7.4166
23.198099 113.424046	4	32.927
23.198481 113.410804	1	2
23.198685 113.360937	1	0.2886
23.199288 112.862711	7	19.9231
23.199756 113.227689	1	1.9923
23.20048 113.126703	6	19.9231
23.200882 113.267982	1	1.9923
23.201472 113.328149	21	607.9601
23.201831 113.329844	28	1047.2994
23.202877 113.224004	2	3.9846
23.202989 113.263381	1	19.9231
23.202991 113.374881	3	19.9231
23.203141 113.341529	5	39.8463
23.203258 113.229655	1	1.9923
23.203413 113.229464	6	45.8232
23.203614 113.260304	4	19.9231
23.204412 113.372148	3	19.9231
23.2046 113.432343	1	2
23.205494 113.265774	4	19.9231
23.205772 113.270594	1	93.2156
23.206301 113.090166	8	19.9231
23.207299 113.219847	3	6.4138
23.207391 113.335702	9	99.6157
23.207769 113.379643	7	79.6925
23.208776 113.334099	4	19.9231
23.209195 113.247869	1	1.9923
23.209231 113.555487	1	1.9923
23.212104 113.291573	7	79.6925
23.212488 113.292305	5	39.8463
23.212972 113.391595	8	115.646
23.214208 113.225269	1	0.285
23.214378 113.286936	1	1.9923
23.214644 113.262955	5	39.8463
23.215302 113.336174	1	1.9923
23.216283 113.29179	60	5207.8348
23.216805 113.382687	3	19.9231
23.217125 113.193624	5	19.9231
23.218288 113.124721	5	19.9231
23.219338 113.229506	4	19.9231
23.220429 113.382545	3	19.9231
23.220557 113.301598	1	0.365
23.222086 113.299249	1	0.3636
23.222997 113.609213	1	0.3622
23.223223 113.295469	4	19.9231
23.223677 113.236506	6	39.8463
23.224528 113.317468	11	181.2249
23.224812 113.278725	4	19.9231
23.226076 113.309537	5	29.8847
23.226408 113.272284	10	142.0646
23.227075 113.293212	9	115.9629
23.229363 113.291914	4	19.9231
23.230059 113.08838	10	39.8463
23.232252 113.2174	5	19.9231
23.233479 113.273647	4	13.9462
23.233649 113.278354	1	0.0358
23.234287 113.302009	1	0.3636
23.235479 113.310501	4	17.4307
23.235565 113.313338	2	4.1743
23.237748 113.291745	4	19.9231
23.238443 113.285521	1	1.9923
23.238645 113.307791	4	19.9231
23.241216 113.281205	4	19.9231
23.242116 113.113577	9	19.9231
23.242655 113.260177	4	19.9231
23.244184 113.232456	5	19.9231
23.245183 113.26699	4	19.9231
23.247414 113.316081	9	79.6925
23.248745 113.361607	4	19.9231
23.250338 113.352783	4	19.9231
23.25202 113.264606	1	1.9923
23.252279 113.233557	1	0.9115
23.253257 113.362061	4	19.9231
23.254296 113.315659	8	59.7694
23.254538 113.280497	1	2
23.255965 113.31875	98	25085.6986
23.256482 113.157934	6	19.9231
23.258072 113.315579	1	0.1092
23.258386 113.019837	2	1.9923
23.258496 113.276614	1	1.9923
23.258526 113.320772	33	1054.1406
23.260226 113.785591	1	0.3693
23.261005 113.256467	5	19.9231
23.262722 113.29603	73	6105.2056
23.262857 113.362453	1	2.1046
23.26303 113.243488	2	1.9923
23.26376 113.258772	7	59.7694
23.264235 113.782869	1	0.0193
23.264825 113.78339	2	17.8619
23.265167 113.30372	4	19.9231
23.268087 113.301635	1	1.9923
23.270543 113.303712	4	19.9231
23.273877 113.247424	2	1.9923
23.27411 113.32869	4	19.9231
23.279236 113.411627	2	19.9231
23.279398 113.215721	9	39.8463
23.279593 113.830218	2	19.9231
23.279771 112.95282	7	19.9231
23.279898 113.306788	4	19.9231
23.282362 113.331886	1	0.8907
23.282406 113.341350	1	0.3664
23.284194 113.251466	4	19.9231
23.284708 113.852383	2	19.9231
23.28528 113.651842	110	13556.1555
23.287294 113.625475	12	59.2557
23.287881 113.835972	2	19.9231
23.288 113.248435	6	19.9231
23.288104 113.624005	7	19.9231
23.291608 113.311949	17	308.6912
23.291829 113.311527	4	19.9231
23.292381 113.840487	1	2
23.292706 113.302792	6	19.9231
23.293868 113.372001	12	149.0707
23.295999 113.845671	2	19.9231
23.29632 113.308569	6	19.9231
23.297187 113.309771	1	0.3779
23.299863 113.35164	2	1.9923
23.301305 113.83191	2	19.9231
23.302272 113.365212	5	19.9231
23.306762 113.272456	7	19.9231
23.308687 113.411452	4	21.9154
23.30871 113.575233	1	0.3622
23.309835 113.36433	11	99.6157
23.30995 113.237874	7	19.9231
23.316914 113.605555	1	0.0927
23.318118 113.363802	7	42.1776
23.32926 113.235614	2	2
23.333446 113.301736	1	0.0062
23.333676 113.393497	5	39.8463
23.339706 113.305417	2	1.9923
23.340387 113.303661	12	105.5176
23.340888 113.302796	5	19.9231
23.341603 113.308408	5	19.9231
23.346159 113.291179	3	7.5268
23.349518 113.299053	7	39.8463
23.355278 113.392335	3	19.9231
23.355583 113.149094	1	0.0927
23.361475 113.154206	10	19.9231
23.365917 113.408058	5	19.9231
23.366579 113.399901	2	1.9923
23.367849 113.372406	1	2
23.371734 113.249841	33	322.1326
23.372588 113.445166	1	0.3622
23.373447 113.305572	6	19.9231
23.373834 113.433356	5	39.8463
23.374725 113.210067	3	1.9923
23.377337 113.214543	11	41.8386
23.378745 113.451695	3	17.6769
23.381258 113.220174	16	79.6925
23.386228 113.233157	8	19.9231
23.388053 113.209874	9	19.9231
23.388962 113.213867	1	0.3808
23.389134 113.216845	8	19.9231
23.390261 113.171529	10	19.9231
23.392352 113.219908	3	1.9923
23.392431 113.226045	3	1.9923
23.396451 113.215319	3	1.9923
23.396767 113.255106	18	92.9875
23.40065 113.235188	8	19.9231
23.401581 113.212429	9	19.9231
23.40466 113.23289	8	19.9231
23.404957 113.230019	8	19.9231
23.40515 113.228722	13	60.12
23.41147 113.192208	15	39.8463
23.414427 113.717294	7	19.9231
23.439895 113.272345	9	39.8463
23.442247 113.327238	4	19.9231
23.442511 113.327665	9	79.6925
23.444281 113.196688	24	112.1376
23.4561 113.28	1	0.3636
23.458749 113.193986	14	39.8463
23.463938 113.283324	1	0.6606
23.465214 113.116516	12	21.9154
23.466244 113.368883	1	1.9923
23.467101 113.365807	9	111.5695
23.467117 113.36579	19	463.2336
23.467767 113.153265	11	21.9154
23.469043 113.162896	3	1.9923
23.470746 113.186345	10	19.9231
23.47321 113.249584	9	19.9231
23.474501 113.238583	9	19.9231
23.476614 113.239899	9	19.9231
23.477391 113.161711	11	19.9231
23.477471 113.153309	12	23.9078
23.484326 113.205374	23	101.608
23.508004 113.686901	14	19.9231
23.531128 113.615273	14	19.9231
23.5314 113.592978	14	19.9231
23.537496 113.594134	14	19.9231
23.552925 113.593880	11	13.0081
23.553982 113.60336	13	19.9231
23.554402 113.585389	16	19.9231
23.558419 113.614671	30	120.3874
23.5633 113.475857	1	2
23.585306 113.524752	11	17.9308
23.58785 113.619693	2	0.3622
23.626787 113.43641	13	219.9701
23.639637 113.685956	25	19.9231
