22.82452268	112.6832583	0.009549297	29.42558338
23.07057951	112.8445408	0.060478878	12.41151396
23.17903001	112.8761925	0.073211274	19.42705302
23.17677756	112.8784023	0.076394373	19.16373915
22.91055956	112.8841425	0.098676065	16.51051103
22.90119911	112.8850012	0.085943669	17.33469992
22.89624538	112.8883289	0.085943669	17.71145285
22.90311313	112.8923366	0.095492966	16.9793606
23.16865186	112.8938126	0.085943669	18.04369027
23.17934885	112.8994031	0.079577472	18.94739576
22.90422292	112.9019826	0.101859164	16.64481875
23.16730584	112.902416	0.089126768	17.72224418
23.15666359	112.9049408	0.092309867	16.65796832
23.17018893	112.9060636	0.085943669	17.91887523
23.16943397	112.9073857	0.085943669	17.81754313
23.16321812	112.9148997	0.092309867	17.05612215
23.04403683	112.9214509	0.184619734	8.361022416
23.06007494	112.9216899	0.16870424	8.857339642
23.061023	112.9221482	0.171887339	8.879128885
23.22113868	112.9248459	0.070028175	22.69815504
23.04326407	112.9260813	0.190985932	8.146971601
23.11276083	112.9299114	0.143239449	12.08097842
23.11501909	112.9305637	0.14005635	12.25451802
23.06817647	112.9707635	0.264197206	7.399684317
23.00573639	112.9707899	0.264197206	6.636103887
22.95343786	112.9712874	0.162338042	10.42806492
22.83661574	113.0000318	0.095492966	21.99381817
23.00707365	113.008964	0.289661996	5.084535496
23.12703337	113.0120037	0.270563403	11.58602967
23.12824102	113.0139313	0.270563403	11.6803946
23.12824102	113.0139313	0.270563403	11.6803946
23.11360001	113.0152889	0.315126787	10.15565645
22.97888202	113.0166506	0.267380304	6.981092587
22.98796007	113.0170859	0.2801127	6.17753845
22.98796007	113.0170859	0.2801127	6.17753845
23.2604804	113.0236253	0.076394373	25.85860521
23.2615299	113.0247518	0.076394373	25.96679997
23.06812838	113.0255363	0.36287327	5.608318749
23.07826539	113.0413813	0.407436654	6.13511474
23.0968614	113.041882	0.442450742	7.992977965
22.95998261	113.0474105	0.283295799	8.236420381
22.85760935	113.0531252	0.149605647	19.29512799
22.85737617	113.0534819	0.149605647	19.31881004
22.87852312	113.0553623	0.171887339	16.98159991
22.87852312	113.0553623	0.171887339	16.98159991
23.06367854	113.0570744	0.423352149	4.392247416
23.0650595	113.0572779	0.432901445	4.518915136
23.02991483	113.0576595	0.343774677	2.280350676
23.07059532	113.0576611	0.461549335	5.050183519
23.06279119	113.0623784	0.44881694	4.189613073
22.94081692	113.0626781	0.219633821	10.11173164
23.03429331	113.0640067	0.36287327	2.059690707
23.0024026	113.0651869	0.30876059	3.632585344
23.17455266	113.0688513	0.44881694	16.14518517
23.00421017	113.0704232	0.311943688	3.341845395
23.0488615	113.0718864	0.445633841	2.672180109
22.9908325	113.0723102	0.30876059	4.647349529
23.03905705	113.072597	0.401070457	1.91470935
22.88967401	113.081987	0.181436635	15.62392498
23.22923111	113.0827188	0.346957776	22.14657032
23.00974206	113.0855228	0.331042282	2.488686491
23.00958915	113.0856424	0.33422538	2.501818232
23.22978218	113.0857182	0.353323974	22.20104083
23.03480604	113.0880386	0.429718346	1.095468982
23.04181877	113.0883982	0.464732434	1.614548047
23.23190692	113.0890874	0.353323974	22.43018009
23.0723988	113.0896832	0.623887377	4.788781912
23.0723988	113.0896832	0.623887377	4.788781912
22.96411796	113.0897185	0.302394392	7.366095668
22.95881496	113.0899638	0.296028194	7.949611198
22.94563836	113.0900415	0.226000019	9.404427164
23.03489605	113.0901446	0.452000038	1.02159348
22.96629587	113.0906029	0.30876059	7.121477271
23.009444	113.0925428	0.36287327	2.405136684
22.96532138	113.0925684	0.30876059	7.219383135
23.18585718	113.0927552	0.50292962	17.31645315
22.96420705	113.0957859	0.30876059	7.329226295
22.96817917	113.0978671	0.315126787	6.882441255
23.14631831	113.1050926	0.773493023	12.91310249
23.04334065	113.1056167	0.547493004	1.493075185
23.06233415	113.1056841	0.633436674	3.594012753
23.15072393	113.1068267	0.773493023	13.40106939
22.96049969	113.1071838	0.315126787	7.715510028
23.06397425	113.1073552	0.652535267	3.772901705
23.0387396	113.1073721	0.53157751	0.976828292
23.04014697	113.1074724	0.544309905	1.131684152
23.00022308	113.1080614	0.39152116	3.306317049
23.15029122	113.1092646	0.786225419	13.35236386
23.12329431	113.1103823	0.86580289	10.3556818
23.14659839	113.1104485	0.798957814	12.94243604
23.33887144	113.1110649	0.133690152	22.88684815
23.13871675	113.111198	0.818056407	12.06767212
23.0407653	113.1115737	0.566591597	1.196913596
23.11526775	113.1169399	0.907183176	9.469548369
23.11526775	113.1169399	0.907183176	9.469548369
23.03272552	113.12013	0.569774696	0.535073479
23.01281035	113.1202326	0.452000038	1.959439281
23.03122319	113.1207972	0.5602254	0.489606689
23.04516433	113.1210046	0.633436674	1.750189067
23.03041581	113.121425	0.5602254	0.499891008
23.00621128	113.1241309	0.442450742	2.711367039
23.00569584	113.1243661	0.442450742	2.769414821
23.11275168	113.1253912	0.95174656	9.209879665
23.0440624	113.125784	0.639802871	1.70568895
23.00675916	113.1290287	0.461549335	2.709669885
23.03004352	113.1298659	0.576140894	0.865515897
23.11065649	113.1309687	0.974028252	8.999358802
23.06573343	113.1321153	0.81169021	4.081758355
23.00576024	113.1355665	0.477464829	2.912059135
23.06369651	113.1355791	0.808507111	3.902800248
23.04112492	113.1373402	0.662084563	1.715721936
22.86636347	113.1383829	0.152788745	18.20569825
23.0208495	113.1393148	0.518845114	1.631811217
22.86402965	113.1398401	0.149605647	18.46852277
23.02630556	113.1403491	0.576140894	1.384359363
22.99456666	113.1409256	0.471098632	4.157476953
23.25434329	113.1416733	0.36287327	13.98378121
23.06677042	113.1421953	0.862619792	4.315812082
23.0103936	113.1462973	0.50292962	2.690179918
23.04372806	113.1470411	0.706647947	2.219525183
23.12341113	113.1517748	1.047239526	10.52715759
23.03964619	113.154622	0.70028175	2.21941782
23.06667235	113.1548703	0.913549373	4.515702839
22.72036334	113.1550942	0.02864789	34.42577429
23.0695963	113.156189	0.929464868	4.833957982
23.03791217	113.1563516	0.706647947	2.202123146
23.46689744	113.1568477	0.114591559	35.89874516
23.46633279	113.159492	0.114591559	35.81427066
23.46633279	113.159492	0.114591559	35.81427066
23.46841629	113.1611801	0.11140846	36.02659681
22.71129853	113.1614172	0.02864789	35.4467173
23.4707977	113.1623173	0.11140846	36.27638523
23.47430929	113.163008	0.108225361	36.65334721
23.20445879	113.1633891	0.728929639	9.159605861
22.78982133	113.1641039	0.11140846	26.76383481
23.12358718	113.1648355	1.114084602	10.65934762
23.01479481	113.1651816	0.534760609	2.937402397
22.70990173	113.1682307	0.02864789	35.62136354
23.40649056	113.1696376	0.152788745	29.22704814
23.47290189	113.1700943	0.108225361	36.44236206
23.03863041	113.1704547	0.751211331	2.802651111
23.20300498	113.1713931	0.78304232	8.789568581
23.46444973	113.1728925	0.117774658	35.49743428
23.1176526	113.1774208	1.177746579	10.16316539
23.37477577	113.1788848	0.127323954	25.70909298
23.10971032	113.1808405	1.190478974	9.370686868
22.90953334	113.1809251	0.254647909	13.72418239
23.09348295	113.1826215	1.14591559	7.724315846
23.10350796	113.1836978	1.180929678	8.768400017
23.09554245	113.1847645	1.168197282	7.971110367
23.19885366	113.1851605	0.868985989	8.031931129
23.45231332	113.1865032	0.124140856	34.06563298
23.45803366	113.1869153	0.124140856	34.68822102
22.84851008	113.1870299	0.146422548	20.42300132
23.45948327	113.1906655	0.120957757	34.81955999
23.47484287	113.1908172	0.108225361	36.50163678
23.12232763	113.1914852	1.222309963	10.84583467
23.10435408	113.1991211	1.241408556	9.121010678
23.0386685	113.2034172	0.818056407	4.182124058
23.0386685	113.2034172	0.818056407	4.182124058
23.0386685	113.2034172	0.818056407	4.182124058
23.08029132	113.2042061	1.17456348	6.928763016
23.23745771	113.2042653	0.550676103	10.95919461
23.18828575	113.2051584	1.024957834	6.597344017
23.42604026	113.2057436	0.143239449	31.049063
23.37243417	113.2076071	0.162338042	25.17927919
23.42583117	113.2080568	0.143239449	31.00987406
23.40380215	113.2090908	0.171887339	28.59046223
23.39508831	113.2092329	0.165521141	27.636773
23.38959437	113.2094492	0.165521141	27.03498134
23.10103232	113.2116872	1.292338138	9.043984916
23.40841281	113.2127554	0.171887339	29.06834737
23.3754398	113.2134638	0.159154943	25.45793056
23.38043854	113.2148083	0.146422548	25.99295851
23.39620146	113.2148232	0.16870424	27.71639312
23.15655948	113.2149279	1.308253632	4.674045836
23.03509621	113.215227	0.802140913	4.619217867
23.39286447	113.2168771	0.16870424	27.33613758
22.8821413	113.2179369	0.203718327	17.07271896
22.88459841	113.2182759	0.203718327	16.81483509
22.93017212	113.2183671	0.292845095	12.04476978
23.40499354	113.2185644	0.171887339	28.65308052
23.11295796	113.2185961	1.308253632	6.06300058
23.446661	113.2201755	0.130507053	33.22023472
22.88898088	113.2210372	0.22281692	16.38360338
23.39484028	113.2214471	0.16870424	27.52012938
23.39484028	113.2214471	0.16870424	27.52012938
23.23376317	113.2234607	0.604788784	10.21970662
22.9138949	113.2240878	0.276929601	13.81295453
23.14311721	113.2254512	1.308253632	4.224242892
23.14217367	113.2258303	1.305070533	4.228130737
23.14381101	113.225977	1.311436731	4.188202863
22.87794292	113.2265578	0.194169031	17.62570105
23.15898957	113.2276926	1.311436731	4.177028913
23.4739307	113.2286618	0.11140846	36.17961137
23.1570952	113.2297309	1.320986028	4.043957948
23.21872162	113.2323053	0.767126826	8.546147316
23.21844312	113.2333725	0.767126826	8.497456276
23.18365032	113.2334603	1.161831085	5.330269942
23.2177189	113.23556	0.776676122	8.382675
23.22137104	113.2360855	0.732112738	8.738260189
23.18623308	113.2363258	1.149098689	5.449207753
23.21794012	113.2368675	0.779859221	8.379496046
23.28119075	113.2376396	0.366056369	15.00513642
23.19907045	113.2387753	1.002676141	6.512016693
23.15334517	113.2396818	1.327352225	3.548751992
23.09692801	113.239735	1.336901522	6.866079325
23.40329889	113.2398514	0.181436635	28.33588919
23.19538681	113.2410703	1.037690229	6.116341192
22.82250546	113.2418331	0.130507053	23.7372519
22.82250546	113.2418331	0.130507053	23.7372519
23.16432044	113.2431433	1.308253632	3.732560825
22.9652963	113.2460732	0.467915533	9.312779064
23.17801596	113.2461178	1.25732405	4.495579118
23.19657146	113.248218	1.028140932	6.055732423
23.17886838	113.2482347	1.25732405	4.495815291
23.22035048	113.249282	0.773493023	8.404468238
23.21385224	113.250264	0.853070495	7.721648788
23.13697262	113.2511805	1.330535324	3.351961677
23.39841078	113.2515307	0.187802833	27.73724959
22.80363066	113.2523984	0.098676065	25.88154563
22.8413378	113.2528321	0.146422548	21.84650638
23.12011401	113.253472	1.336901522	4.421600657
23.15645038	113.2549363	1.349633917	2.947264874
22.84339687	113.2557574	0.143239449	21.66452941
23.4153625	113.2559812	0.181436635	29.58926014
23.21280913	113.2563331	0.878535286	7.51217178
23.21280913	113.2563331	0.878535286	7.51217178
22.85271431	113.2565554	0.165521141	20.68864654
23.37803295	113.2569259	0.178253536	25.46294324
23.17916744	113.2579074	1.270056446	4.233938343
23.12742643	113.2581662	1.346450819	3.69603972
22.84425565	113.2588793	0.146422548	21.61383681
22.88479945	113.2589542	0.229183118	17.3746947
23.19914624	113.2594586	1.015408537	6.069310894
23.06873266	113.2597245	1.270056446	9.401463515
23.06832244	113.259826	1.266873347	9.443912667
22.76676047	113.2629498	0.079577472	29.96978286
22.84139024	113.2631754	0.143239449	21.97356357
23.25231339	113.2640936	0.544309905	11.619442
23.20717633	113.2643515	0.954929659	6.801343392
23.23158622	113.2643764	0.658901464	9.38010392
23.23158622	113.2643764	0.658901464	9.38010392
23.21271064	113.2644744	0.89445078	7.376094578
23.21277909	113.2649338	0.89445078	7.376619052
22.84799685	113.265445	0.155971844	21.3072548
23.09450111	113.2664068	1.362366313	6.595150711
22.95119214	113.2670328	0.36287327	11.10530044
23.161857	113.2676472	1.340084621	2.650324705
22.85727159	113.2677905	0.171887339	20.36803901
23.11405394	113.2681623	1.368732511	4.594410446
23.05399472	113.2699138	1.094986008	10.88147707
23.19676966	113.2703134	1.075887415	5.631847371
23.18845597	113.2716284	1.196845172	4.768523572
23.10022614	113.2726541	1.381464906	5.903617758
23.26171206	113.2736317	0.518845114	12.56631474
23.21772876	113.273664	0.830788803	7.788724622
23.22905901	113.274368	0.693915552	9.00171058
23.13206675	113.2749836	1.349633917	2.806282084
23.12974908	113.2752038	1.346450819	2.987879077
22.80574632	113.2755918	0.098676065	25.91653521
23.13175901	113.275758	1.349633917	2.806941026
23.08068204	113.2757904	1.308253632	7.935737255
23.24188766	113.2770715	0.582507092	10.37249474
22.84690063	113.2779749	0.149605647	21.60144181
23.26172271	113.2781659	0.518845114	12.53672189
23.11114068	113.2782409	1.371915609	4.687461894
23.09349108	113.2792664	1.359183214	6.52286784
23.23637165	113.279566	0.639802871	9.750494455
22.8332624	113.2801516	0.127323954	23.06178263
23.21394862	113.281015	0.897633879	7.30207788
23.45673194	113.2818311	0.127323954	34.0885298
23.22050464	113.2826379	0.814873309	7.996361601
23.22050464	113.2826379	0.814873309	7.996361601
23.17268536	113.2829081	1.333718423	2.999524241
23.21417689	113.2830531	0.897633879	7.306291001
23.23159701	113.283057	0.668450761	9.20159034
23.23709476	113.2837807	0.630253575	9.797644514
23.45165523	113.2845092	0.127323954	33.52002788
23.21375407	113.2848136	0.913549373	7.243633547
23.21696173	113.2862596	0.849887396	7.579174108
22.80256864	113.2873979	0.092309867	26.40146561
23.33873201	113.287509	0.241915513	20.99784533
23.07562227	113.2882907	1.282788841	8.372678859
23.1404539	113.2885119	1.378281807	1.742756597
23.12003249	113.2890606	1.359183214	3.593489703
23.0479764	113.2892933	1.024957834	11.40471767
23.0479764	113.2892933	1.024957834	11.40471767
22.78360392	113.2915659	0.085943669	28.47092939
23.2516148	113.2923559	0.541126807	11.34446324
22.76789967	113.2924173	0.079577472	30.15911229
23.14416119	113.2937609	1.381464906	1.322647765
23.14416119	113.2937609	1.381464906	1.322647765
23.25840064	113.2999763	0.515662016	12.0645978
23.14246797	113.3005	1.375098708	1.197156663
23.21565299	113.3005692	0.900816978	7.337328274
23.27373214	113.3010978	0.442450742	13.75935954
23.12858004	113.3011622	1.391014203	2.517584743
23.34332347	113.301253	0.235549316	21.47471068
23.13534304	113.3037146	1.371915609	1.77734602
23.13542532	113.3037677	1.371915609	1.768047151
23.13562043	113.3048107	1.371915609	1.730060057
23.09785202	113.3057915	1.333718423	5.821998837
23.33555566	113.3075287	0.254647909	20.60396716
23.13508872	113.3087933	1.371915609	1.726852845
23.09225763	113.3092172	1.320986028	6.426892109
23.22620876	113.3095973	0.751211331	8.471513638
23.22783298	113.3098073	0.719380343	8.651062246
23.24225952	113.3111664	0.576140894	10.24816028
23.24103979	113.3111972	0.585690191	10.11281685
23.09874703	113.3145001	1.330535324	5.694210461
23.03030049	113.3145988	0.802140913	13.28876516
23.25396062	113.3157819	0.534760609	11.54111724
23.03098143	113.3157936	0.798957814	13.2123542
23.02768375	113.3178615	0.789408518	13.57742893
23.25778406	113.3199932	0.515662016	11.96403066
23.00743132	113.3201755	0.617521179	15.82512536
23.02749214	113.3208977	0.78304232	13.59842967
22.97984508	113.3212453	0.432901445	18.88727539
23.09607127	113.321481	1.317802929	5.986442756
22.98035071	113.3222749	0.432901445	18.8313365
23.17281527	113.3224149	1.317802929	2.534717112
23.06884733	113.3226199	1.241408556	9.008681964
23.07250678	113.3232631	1.247774754	8.602942388
23.01919557	113.3252713	0.722563442	14.52113919
23.13891176	113.3274613	1.365549412	1.273713588
23.08887865	113.3283798	1.279605742	6.794454767
23.44184274	113.3286502	0.146422548	32.396774
23.13875611	113.3288103	1.371915609	1.306735005
22.97479086	113.3293635	0.407436654	19.45256626
23.12382897	113.3298085	1.384648005	2.9367826
23.4422023	113.3300279	0.146422548	32.43744829
23.29451408	113.3313063	0.302394392	16.04875447
23.29451408	113.3313063	0.302394392	16.04875447
23.29451408	113.3313063	0.302394392	16.04875447
23.29451408	113.3313063	0.302394392	16.04875447
23.01619601	113.3314991	0.684366255	14.86083545
23.13680577	113.3315495	1.384648005	1.549996443
23.15263157	113.3319798	1.359183214	0.602020087
23.1260612	113.3323389	1.394197301	2.711957382
23.08686269	113.3324673	1.250957853	7.029620361
23.19096422	113.3331534	1.165014183	4.583614613
23.09231582	113.333797	1.279605742	6.431581279
23.08762923	113.3338413	1.247774754	6.949819555
23.13708468	113.3341858	1.378281807	1.563254102
23.19924759	113.334818	1.079070514	5.50512377
22.97284334	113.3354088	0.381971863	19.67604235
23.20636522	113.3358956	1.047239526	6.295406804
23.16213347	113.3362425	1.346450819	1.524237055
23.18718813	113.3366981	1.20321137	4.192586093
23.09187146	113.3378758	1.273239545	6.499903461
23.16751438	113.3379544	1.327352225	2.09807795
23.159336	113.3387113	1.34326772	1.322843623
23.1324472	113.3398257	1.403746598	2.134253051
23.08308279	113.3399863	1.23185926	7.479547954
23.09537864	113.340586	1.28597194	6.130078932
23.08690863	113.3432045	1.238225457	7.076980174
23.16189407	113.3433346	1.336901522	1.671639461
22.84224477	113.3450767	0.117774658	23.22135794
22.95454492	113.3451482	0.292845095	21.72363775
23.19965405	113.3471287	1.06315502	5.639038092
23.39690863	113.3475114	0.165521141	27.43350611
23.18246071	113.3497966	1.23185926	3.833649224
22.83996892	113.3498966	0.117774658	23.54082094
23.12912268	113.3502696	1.391014203	2.671961088
23.12849295	113.3506186	1.391014203	2.740303312
23.13559919	113.3507531	1.394197301	2.093144102
22.91229115	113.3507636	0.219633821	26.42028695
23.07813828	113.3563529	1.171380381	8.135023495
22.96481939	113.3565805	0.33422538	20.61780019
23.07207495	113.3573906	1.158647986	8.804338396
23.02170016	113.3574494	0.636619772	14.33603912
22.95410901	113.358418	0.2801127	21.80933211
23.17452179	113.3590439	1.289155039	3.217489525
23.37184576	113.3603993	0.178253536	24.68878261
22.94228167	113.3604421	0.270563403	23.12511613
22.94289179	113.3606862	0.270563403	23.0584228
22.94001202	113.360734	0.264197206	23.37728889
22.9505863	113.360999	0.273746502	22.20811271
23.12248087	113.3611249	1.359183214	3.549118693
23.09223544	113.3618211	1.222309963	6.670010953
23.09144379	113.3619952	1.219126864	6.756611942
23.3004295	113.3621215	0.2801127	16.79994168
23.30080982	113.3621418	0.2801127	16.84199891
23.29881375	113.3629421	0.283295799	16.62575071
22.94104074	113.3643577	0.264197206	23.2762304
22.95321398	113.3659058	0.267380304	21.93618925
22.95435755	113.3680492	0.273746502	21.81870633
22.94194927	113.3712035	0.264197206	23.20297446
23.1381659	113.3728361	1.346450819	2.667526078
23.1381659	113.3728361	1.346450819	2.667526078
23.13963001	113.373441	1.336901522	2.615200952
23.20013915	113.374909	1.03450713	6.065938857
22.92265134	113.3754902	0.203718327	25.35322339
22.9564903	113.3756996	0.2801127	21.61856816
22.96950879	113.3827743	0.33422538	20.22352074
23.16549805	113.3875901	1.292338138	3.432228199
23.13822079	113.3894867	1.320986028	3.321494577
23.13544204	113.390008	1.330535324	3.474829219
23.13782219	113.3913207	1.333718423	3.41300455
22.94295695	113.3934216	0.25146481	23.20712595
23.01335039	113.3953229	0.471098632	15.52501411
23.01217957	113.3974048	0.452000038	15.6716116
23.01403653	113.3995947	0.477464829	15.49190709
22.94548161	113.4033092	0.254647909	22.99479739
22.9677616	113.4044377	0.321492985	20.56591672
22.94428352	113.4044932	0.25146481	23.13439149
22.99106044	113.4052447	0.346957776	18.03555022
22.95377413	113.4063406	0.267380304	22.10902046
22.96283395	113.4063597	0.30876059	21.1191532
22.94294137	113.4065271	0.229183118	23.29587073
23.19967301	113.406847	0.980394449	6.70551843
23.12431564	113.4081151	1.292338138	4.8082669
22.96859452	113.4081296	0.315126787	20.50500424
22.89445321	113.4096635	0.184619734	28.63800824
23.38627895	113.410599	0.146422548	26.527385
23.128422	113.4111868	1.295521237	4.668151706
23.12401896	113.411547	1.279605742	4.949626206
23.12585311	113.4120539	1.28597194	4.852388787
22.8100654	113.4141599	0.085943669	27.77735937
23.13070225	113.4162609	1.273239545	4.741276052
22.9345908	113.4167995	0.219633821	24.28580517
22.9345908	113.4167995	0.219633821	24.28580517
22.9345908	113.4167995	0.219633821	24.28580517
23.16281868	113.418328	1.222309963	4.548904531
22.96639568	113.4186506	0.305577491	20.83598569
22.8145924	113.4191078	0.08276057	37.48408025
23.16878915	113.4199598	1.200028271	4.862347328
23.11593032	113.4204891	1.212760666	5.813697939
23.12882385	113.4224455	1.241408556	5.078311107
22.95705294	113.4238473	0.254647909	21.89784669
23.43115969	113.4254505	0.085943669	31.55083101
23.07978943	113.429745	1.069521218	9.164684133
23.62547628	113.4313956	0.012732395	53.00436586
22.96178714	113.4420382	0.292845095	21.56887738
22.96099325	113.4427752	0.286478898	21.66228579
22.96099325	113.4427752	0.286478898	21.66228579
22.96267859	113.4455898	0.296028194	21.51255173
23.19090473	113.4492017	0.878535286	7.269583614
23.10979739	113.4534484	1.075887415	7.368774241
23.10975809	113.4534812	1.075887415	7.372563408
22.88992793	113.4614475	0.165521141	29.5295133
22.88992793	113.4614475	0.165521141	29.5295133
22.89140037	113.4634086	0.171887339	29.38811097
23.09982822	113.4849635	0.875352187	9.141002348
23.10112473	113.4872412	0.86580289	9.134369082
23.10871181	113.4928846	0.846704297	8.872109707
23.10871181	113.4928846	0.846704297	8.872109707
23.10871181	113.4928846	0.846704297	8.872109707
23.10871181	113.4928846	0.846704297	8.872109707
22.73722496	113.49332	0.02864789	46.44667276
22.97556192	113.4972296	0.327859183	20.87005316
23.45457434	113.4983044	0.038197186	34.70374185
22.82926076	113.5128066	0.11140846	36.59622296
23.14872294	113.5152914	0.678000058	8.582496401
22.82771435	113.5218711	0.117774658	36.85706066
23.09138071	113.5316771	0.557042301	11.35131959
23.11810119	113.5442171	0.5602254	10.46928421
23.10125022	113.5484367	0.522028213	11.40342685
23.04845541	113.5499061	0.331042282	15.13614031
22.8075467	113.5521662	0.149605647	39.35746151
22.71023017	113.5528912	0.003183099	49.87559758
22.80661724	113.5538411	0.155971844	39.47620706
22.80839337	113.5539168	0.152788745	39.28675594
22.80808312	113.5540935	0.155971844	39.32202559
23.12486646	113.5614453	0.480647928	10.97005308
22.805179	113.5628515	0.162338042	39.73486544
22.77403434	113.5634849	0.136873251	43.0818314
22.76096874	113.5670518	0.11140846	44.52609028
23.56341133	113.5803848	0.041380285	47.2935428
22.75155653	113.5823006	0.14005635	45.70438915
22.75149396	113.5830112	0.14005635	45.71899306
22.75034263	113.5835226	0.133690152	45.84832183
23.05983215	113.5872324	0.359690171	15.42915702
23.55840651	113.5895144	0.038197186	46.85448934
23.54435986	113.5926833	0.035014087	45.3842138
23.54456994	113.5926934	0.035014087	45.40682284
23.54966086	113.5927756	0.035014087	45.9530678
22.77665396	113.5933558	0.206901426	43.14705284
23.55654335	113.594664	0.035014087	46.71237454
23.55366671	113.5951132	0.035014087	46.40912012
23.55380843	113.5953328	0.035014087	46.4268218
23.5532428	113.5953837	0.035014087	46.36679268
23.55079636	113.5963006	0.035014087	46.11529388
23.18611685	113.5974857	0.16870424	12.8351853
23.54196985	113.5979552	0.035014087	45.19044782
23.55528066	113.5988663	0.035014087	46.62517762
23.14339098	113.6011789	0.359690171	15.16238661
23.56038693	113.6018782	0.038197186	59.47248278
23.55090902	113.602251	0.035014087	58.4288263
22.64946304	113.6129849	0.038197186	42.97680059
23.00064852	113.6154402	0.299211293	8.467902471
22.99889137	113.6206429	0.30876059	8.332287393
22.91334578	113.6256759	0.200535228	14.89305561
22.85171477	113.6315449	0.238732415	21.02305967
22.91692471	113.6433026	0.213267624	14.16621602
22.84478414	113.6454694	0.245098612	21.55344112
23.09621418	113.6572812	0.340591578	9.451643307
23.09705081	113.6581524	0.33422538	9.499745731
23.09996972	113.6603676	0.321492985	9.695961891
23.12928955	113.6604402	0.25146481	12.45466975
23.06159876	113.6626383	0.324676084	6.695022984
22.92463744	113.6632245	0.216450723	13.00004231
23.05714801	113.663448	0.327859183	6.417912898
23.16769035	113.6651728	0.136873251	16.27356419
22.88864948	113.6687951	0.257831008	16.60198899
22.92277014	113.6689502	0.210084525	13.07850734
22.87660886	113.675044	0.2801127	17.78743973
22.94362798	113.6756826	0.25146481	10.86815629
22.91452474	113.6760975	0.216450723	13.79512909
22.94132785	113.6767951	0.25146481	11.07113749
22.94132785	113.6767951	0.25146481	11.07113749
22.94434236	113.6771283	0.25146481	10.76773619
22.8188764	113.6774155	0.315126787	23.97078182
22.962945	113.6786409	0.286478898	8.958902405
22.82065293	113.6793236	0.315126787	23.76006675
22.82065293	113.6793236	0.315126787	23.76006675
22.82065293	113.6793236	0.315126787	23.76006675
23.01025416	113.6817199	0.337408479	5.320735166
22.82311516	113.682687	0.324676084	23.46153329
23.01478583	113.6858529	0.337408479	4.959641096
23.08542731	113.6936712	0.331042282	7.513727429
22.8387028	113.7066879	0.318309886	21.55917272
22.8387028	113.7066879	0.318309886	21.55917272
23.00567603	113.7076519	0.366056369	4.570038027
23.06712166	113.711025	0.33422538	5.429829283
23.0416214	113.7119223	0.356507073	3.726391527
23.05080297	113.7156716	0.346957776	4.050730867
22.80193697	113.7215484	0.439267643	25.49986495
22.98744806	113.725147	0.407436654	5.544506434
23.0832246	113.7285264	0.327859183	6.517673189
22.81782912	113.7288782	0.410619753	23.70945023
22.97333327	113.730314	0.397887358	6.834206843
23.04235254	113.7318371	0.359690171	2.943183929
22.99313225	113.7323716	0.404253555	4.837905685
22.97417485	113.7345883	0.407436654	6.674849929
22.8291523	113.7347647	0.375605666	22.43085822
23.06060865	113.7374003	0.337408479	4.134047953
23.00877683	113.7381856	0.42016905	3.30638871
22.80461472	113.7389577	0.455183137	25.12194154
23.72311773	113.739427	0.003183099	76.96938536
23.05466654	113.7414039	0.340591578	3.497318324
22.82232789	113.7424637	0.410619753	23.14966234
23.05913863	113.7431308	0.346957776	3.855569014
23.02609965	113.746608	0.375605666	1.990563101
22.80029657	113.7472574	0.461549335	25.56880691
22.77759139	113.7516813	0.553859202	28.06984184
23.09724421	113.7523577	0.324676084	7.652038118
23.05434269	113.7548907	0.375605666	3.12607493
23.05029788	113.7566159	0.369239468	2.70383561
23.01280811	113.7603122	0.436084544	2.325646877
22.801073	113.7618106	0.47428173	25.44222558
22.99587084	113.7621434	0.436084544	3.988390236
22.96921119	113.7638371	0.423352149	6.848493818
22.78249643	113.7638949	0.541126807	27.49775086
22.78139716	113.7672628	0.541126807	27.61368912
23.01465206	113.7680676	0.436084544	1.966400209
22.9870642	113.7689429	0.432901445	4.858242113
23.0553869	113.7700911	0.378788765	2.955584365
23.06354452	113.7710582	0.366056369	3.818815261
23.06367398	113.7711884	0.369239468	3.831541951
22.99142805	113.7725018	0.44881694	4.35258453
23.03909825	113.7731777	0.385154962	1.259868255
22.83110817	113.7801718	0.416985951	22.08137866
22.80018488	113.7826897	0.480647928	25.51157826
23.04490751	113.7884342	0.385154962	1.6562182
22.74040934	113.7890795	0.620704278	32.14458968
22.80567514	113.7907865	0.47428173	24.90008436
23.02429369	113.7913009	0.436084544	0.636073114
23.06483206	113.7971486	0.381971863	3.879585447
22.7958979	113.7978335	0.509295818	25.98770022
23.07829135	113.7987384	0.340591578	5.374600881
23.06286454	113.7987584	0.388338061	3.668982667
22.99522565	113.8000233	0.499746521	3.885956588
23.10214598	113.8030771	0.286478898	8.029581689
22.81963599	113.8037291	0.458366236	23.35849553
23.02871297	113.8045789	0.44881694	0.668231492
22.8184991	113.8067168	0.458366236	23.48852927
23.02986674	113.8069493	0.44881694	0.759062632
23.04229567	113.8077758	0.407436654	1.579946082
22.70597175	113.8079954	0.5602254	47.09975249
22.82104527	113.8090357	0.458366236	23.20963074
22.82104527	113.8090357	0.458366236	23.20963074
22.81973576	113.8093302	0.458366236	23.35537387
23.06167985	113.8102199	0.385154962	3.631142418
22.68518823	113.8115675	0.557042301	48.98110247
23.05828484	113.8147964	0.388338061	3.330152425
22.70874974	113.8160543	0.579323993	47.09328586
22.69331552	113.8170784	0.569774696	48.4318146
22.73859039	113.8184493	0.655718366	44.70965498
22.73859039	113.8184493	0.655718366	44.70965498
23.10500981	113.8198157	0.273746502	8.432439737
22.67509773	113.822362	0.579323993	50.15087743
23.01783954	113.8233686	0.490197225	2.013539688
22.80544018	113.8238665	0.483831027	24.97222305
23.10904412	113.824964	0.264197206	8.912474022
22.67343353	113.8257052	0.595239487	50.38611953
23.06209254	113.826673	0.388338061	3.922518601
22.81467597	113.8277312	0.471098632	23.9606023
23.02874532	113.8311519	0.483831027	1.847864998
22.73335619	113.8312919	0.67163386	45.51625397
22.73335619	113.8312919	0.67163386	45.51625397
22.73383221	113.8315273	0.668450761	45.48513144
23.05866525	113.8321688	0.397887358	3.699892272
22.67955589	113.8329385	0.627070476	50.05177951
23.03128773	113.8334312	0.487014126	1.949912874
23.06377156	113.834619	0.378788765	4.247791911
22.68008861	113.8347861	0.630253575	50.05657627
22.68008861	113.8347861	0.630253575	50.05657627
23.11465325	113.8369654	0.257831008	9.628949017
23.0230261	113.8416605	0.493380324	2.439232119
23.02631551	113.8422567	0.496563422	2.375309263
23.05170834	113.8429711	0.423352149	3.381100818
22.70038707	113.8449026	0.678000058	48.61833818
22.90672977	113.8475874	0.305577491	13.92383361
22.91334142	113.8483693	0.321492985	13.21021586
23.0284963	113.848423	0.490197225	2.621256142
22.6335575	113.8513604	0.693915552	54.58642171
22.75600203	113.8513612	0.662084563	44.36470456
22.77248305	113.853852	0.598422586	43.21247473
22.86139706	113.8539976	0.375605666	18.93303487
22.59628077	113.8550628	0.553859202	58.0638053
22.77040177	113.8551161	0.604788784	43.40681064
23.04883737	113.8557656	0.436084544	3.611560027
23.03504106	113.8561107	0.499746521	3.012581872
22.60495971	113.8575896	0.61433808	57.33004902
23.11458393	113.8613142	0.245098612	9.916959217
23.10425851	113.8644239	0.267380304	8.890828761
22.60766979	113.8685312	0.709831046	57.35607751
22.607611	113.8698943	0.709831046	57.39564558
23.05595171	113.871321	0.410619753	4.642899689
22.67057736	113.8735894	0.763943727	51.94621483
23.0781566	113.8741143	0.350140875	6.538961644
23.08248182	113.8756202	0.337408479	6.973779232
23.08248182	113.8756202	0.337408479	6.973779232
23.00371616	113.881268	0.490197225	5.021167663
23.11759803	113.8836368	0.22281692	10.58879434
22.93815956	113.8870409	0.356507073	11.08166416
22.58197746	113.8879268	0.623887377	60.18138266
22.58194314	113.8880166	0.623887377	60.18673394
22.98965586	113.8897387	0.506112719	6.324425462
22.56073431	113.8900779	0.604788784	62.19524342
22.5609901	113.894563	0.61433808	62.27849811
22.50001192	113.8956606	0.366056369	68.06204517
22.56419251	113.8961664	0.623887377	62.02021224
22.96936454	113.8966138	0.452000038	8.251575762
22.78892197	113.8966327	0.541126807	43.48113794
22.4981901	113.8984817	0.36287327	68.29864509
22.93595157	113.8990852	0.33422538	11.52552415
22.5684784	113.9001112	0.652535267	61.71985395
22.78567173	113.9004089	0.553859202	43.8332257
22.58706534	113.9057614	0.814873309	60.15994585
22.56350361	113.9068948	0.658901464	62.34305835
22.58297289	113.9071834	0.795774715	60.56726194
22.58488076	113.913275	0.862619792	60.5468987
22.7778578	113.9170043	0.611154981	44.93848886
22.54138954	113.9191104	0.623887377	64.68485194
22.52488949	113.9191429	0.541126807	66.228774
22.97049574	113.9193364	0.429718346	8.784246145
22.51924352	113.9195281	0.518845114	66.76901799
22.670522	113.9235611	0.891267681	53.37129079
22.54032142	113.9236456	0.627070476	64.89201643
22.5437861	113.9239778	0.652535267	64.57817652
22.52455419	113.9247319	0.563408499	66.39015161
22.49416247	113.927139	0.407436654	69.31827553
22.65235376	113.9299125	0.881718385	55.07443264
22.70743279	113.9300131	0.8403381	50.57985083
22.52486369	113.9308596	0.585690191	66.50430148
22.50616871	113.9314284	0.467915533	68.27597285
22.52596134	113.9353993	0.595239487	66.50834091
22.51592012	113.9356769	0.534760609	67.45508761
22.49308313	113.9358391	0.401070457	69.61624122
22.519087	113.9358436	0.569774696	67.16187221
22.49962566	113.9365145	0.445633841	69.01090084
22.65027837	113.9366241	0.92309867	55.43947552
22.49772892	113.9373377	0.436084544	69.20926492
23.00561717	113.9381655	0.455183137	7.165061426
22.93224969	113.9403339	0.305577491	12.7686864
22.68620526	113.9405252	0.846704297	52.58838121
22.51578568	113.9420557	0.5602254	67.61629505
22.52394954	113.9434416	0.601605685	66.88586767
22.52394954	113.9434416	0.601605685	66.88586767
22.54808582	113.9453119	0.716197244	64.69806347
22.94081175	113.9453226	0.327859183	12.0985827
22.6873087	113.9459597	0.856253594	52.66303194
22.68155741	113.9462038	0.868985989	53.13327183
23.08636883	113.9505344	0.292845095	9.529819261
22.94565906	113.9505843	0.337408479	11.80442335
22.55888775	113.9507227	0.821239506	63.84523391
23.00078427	113.9509232	0.426535247	7.901609247
22.97892268	113.956267	0.385154962	9.357793158
22.56277351	113.9565735	0.89445078	63.63982804
22.55101305	113.9567446	0.748028233	64.7123216
22.57651183	113.957198	1.002676141	62.41943791
22.58243264	113.9591486	1.047239526	61.94138022
23.08043298	113.9678196	0.2801127	9.733034949
22.54900371	113.9722597	0.792591617	65.28230916
22.70466497	113.9726899	0.916732472	52.12219931
22.58781321	113.9729021	1.120450799	61.82591117
22.54603946	113.9749684	0.773493023	65.61937908
23.02147069	113.9767303	0.369239468	8.414430695
22.54797243	113.977909	0.805324012	65.51769981
22.56614225	113.9808368	0.958112757	63.9568291
22.56470734	113.9820093	0.945380362	64.11537786
22.84158065	113.9837534	0.353323974	43.43404858
22.96894263	113.9857532	0.343774677	11.07962345
22.52619876	113.9892211	0.658901464	67.78314103
22.5635259	113.9893556	0.939014164	64.41091578
22.56382444	113.9907634	0.945380362	64.42079477
22.74300109	113.9950401	0.798957814	50.01637957
23.02941462	113.9955167	0.340591578	9.202404377
22.54458961	113.9986601	0.802140913	66.34816385
22.68447006	114.000085	0.942197263	54.54164828
22.97994563	114.0020847	0.327859183	11.00220551
22.88245435	114.0068175	0.235549316	19.03873455
22.91789735	114.0148092	0.2801127	16.00508226
22.54220963	114.0196493	0.805324012	67.09888834
22.6651428	114.0200019	0.989943746	56.67457844
22.98807885	114.0208579	0.321492985	11.33592212
23.07328362	114.0234467	0.184619734	11.50405591
22.91669305	114.0248715	0.267380304	16.39453426
22.54605355	114.0259737	0.837155001	66.91901004
22.75139338	114.0262399	0.658901464	50.49580652
22.66283814	114.0263974	0.980394449	57.05230322
22.65265496	114.0272292	1.012225438	57.89016609
22.6614933	114.0272899	0.974028252	57.18620059
22.5342988	114.0317449	0.751211331	68.11877522
22.61177508	114.0380587	1.260507149	61.56229088
22.66919267	114.0384117	0.967662054	56.92134326
22.7563793	114.0421356	0.598422586	50.71164499
22.76781337	114.0421691	0.509295818	49.96304021
22.64040872	114.043872	1.044056427	59.37564389
22.63495417	114.0448196	1.104535305	59.84613718
22.52331401	114.0466386	0.655718366	69.48647601
22.54938063	114.0502177	0.878535286	67.26091773
22.65204961	114.0535937	0.980394449	58.73691409
22.52712849	114.0539088	0.674816959	69.3316216
22.78108249	114.0574014	0.426535247	49.66979607
22.78108249	114.0574014	0.426535247	49.66979607
22.6040497	114.0586138	1.215943765	62.7971951
22.72710367	114.0613819	0.751211331	53.37069633
22.72133411	114.0616196	0.767126826	53.7844196
22.80016347	114.0627615	0.337408479	48.72235045
22.79633118	114.0632326	0.356507073	48.96383766
22.63010042	114.0638327	1.158647986	60.80509504
22.71365257	114.0652375	0.805324012	54.45192731
22.5382642	114.0658681	0.795774715	68.6551928
22.73006657	114.0666477	0.748028233	53.34318341
22.63899906	114.0675793	1.037690229	60.20081414
22.6376364	114.0679162	1.06315502	60.32010524
22.730349	114.068783	0.744845134	53.39636742
22.66391673	114.0717177	0.926281769	58.36764031
22.64153534	114.0719117	1.009042339	60.12956635
22.71166007	114.0728836	0.81169021	54.84917117
22.66229971	114.0729969	0.926281769	58.53267584
22.72272561	114.0738016	0.760760628	54.09707405
22.9097662	114.0740398	0.210084525	44.06995393
22.65788521	114.0747723	0.945380362	58.930551
22.65776972	114.0794934	0.942197263	59.08639637
22.5331754	114.0831342	0.732112738	69.56102552
22.70700814	114.0967766	0.853070495	55.97865896
22.83399226	114.0968097	0.187802833	48.18425421
22.80869811	114.1002264	0.289661996	49.6447193
22.7920915	114.1017881	0.337408479	50.64022548
23.02506148	114.1035973	0.190985932	14.05226665
22.54660305	114.1049551	0.830788803	68.97884737
22.78849837	114.1091621	0.346957776	51.12262666
22.54700517	114.1111563	0.827605704	69.11431584
22.83586295	114.1128578	0.16870424	48.7169087
22.55528126	114.1160913	0.856253594	68.54146966
22.57204653	114.1188134	0.926281769	67.19885712
22.63154051	114.1214928	1.00585924	62.43547744
22.6315777	114.1233026	0.999493043	62.48823291
22.60649323	114.1241536	1.00585924	64.51421784
22.59155498	114.1259102	0.948563461	65.78372741
22.87739958	114.1275908	0.152788745	47.45932747
22.59955905	114.130363	0.986760647	65.26117684
22.54293611	114.1314072	0.751211331	70.02261338
22.54927013	114.1317447	0.773493023	69.49062678
22.74829892	114.1391543	0.471098632	54.66381404
22.70528903	114.1403154	0.814873309	57.56756227
22.74394534	114.1439999	0.480647928	55.11409085
22.57517644	114.1449386	0.827605704	67.6892363
22.5829933	114.1471227	0.875352187	67.10861418
22.8249516	114.1473047	0.175070437	50.60036344
22.69339571	114.1474874	0.919915571	58.64367993
22.61556463	114.1524159	0.929464868	64.64327367
22.85522568	114.1534998	0.155971844	49.42861861
22.85615682	114.1539907	0.149605647	49.40783215
22.96547337	114.1542792	0.171887339	46.05670087
22.96547337	114.1542792	0.171887339	46.05670087
22.62558348	114.1549664	0.929464868	63.93572685
22.58193448	114.1563953	0.846704297	67.4678711
22.79566135	114.1565339	0.286478898	52.49256807
22.61781817	114.1572608	0.92309867	64.61437934
22.84670401	114.1592865	0.146422548	50.0376935
22.79339959	114.1608936	0.299211293	52.78209914
22.7406896	114.1664449	0.467915533	56.12220868
22.85094098	114.1669061	0.143239449	50.15292543
22.85030931	114.1708909	0.143239449	50.34010436
22.84485611	114.1728089	0.146422548	50.65935647
22.81230491	114.1729882	0.213267624	52.23655631
22.70228568	114.1736681	0.776676122	58.91290489
22.96920507	114.1741551	0.136873251	46.85084353
22.84421485	114.1744379	0.146422548	50.75311387
22.84443218	114.1749839	0.146422548	50.76505732
22.56778253	114.1781275	0.703464848	69.26658808
22.69796842	114.1787142	0.792591617	59.38222133
22.72103752	114.1790518	0.607971883	57.8396537
22.6417148	114.195533	0.824422605	63.9865003
22.72831758	114.1967043	0.499746521	57.99037445
22.65691327	114.2100928	0.792591617	63.34113548
22.65301422	114.2124549	0.798957814	63.70249778
22.67470711	114.2209333	0.744845134	62.43321216
22.63539828	114.2263772	0.722563442	65.45313598
22.64138032	114.2299818	0.728929639	65.12823396
22.55899906	114.2413174	0.518845114	71.85163776
22.70103564	114.2442921	0.439267643	61.44497298
22.72286461	114.2445007	0.39152116	60.04415856
22.56484081	114.2445711	0.518845114	71.47916069
22.73802844	114.264097	0.337408479	59.82051464
22.73591184	114.2757904	0.318309886	60.3760564
22.72294122	114.2777156	0.346957776	61.23614337
22.73565178	114.280464	0.30876059	60.56301281
22.73782038	114.2858901	0.299211293	60.63309912
22.78139876	114.3008065	0.232366217	58.76240013
22.77640754	114.3095878	0.241915513	59.36114601
22.71636331	114.322257	0.270563403	63.25648854
22.68940336	114.3454188	0.257831008	65.77469705
22.750664	114.378843	0.175070437	63.38191609
22.64144071	114.4227421	0.079577472	71.63233601
22.64144071	114.4227421	0.079577472	71.63233601
22.57872798	114.4936096	0.006366198	78.37609458
